109461980
24184605
61076502
10574762
10535019
24184944
10705808
73341071
110765067
111352521
21405239
48219262
95703449
2030616
75546347
37490366
15122276
45455518
44751875
11650004
45533620
10585236
37664604
60750287
95579004
61053369
60853830
9564385
9095929
31149803
110475175
14340
2056616
39899942
61031685
24184686
62085104
29778058
97832389
60795511
110487258
95732253
26483356
75542005
75729622
16120185
113567833
13452426
62146447
65653737
61531231
29774854
51552974
2058287
45709655
96434139
114866851
17930393
76521
95612856
14843972
60747549
35784814
74705041
8504899
109381292
61225911
22837075
61840465
79128
97644463
61593834
60609176
25944107
110423791
25933236
61404847
98096905
71826
57474731
24189003
88956130
111393533
13379969
13846663
71053409
96953956
311512
60820877
60922862
10249570
65415571
62085098
57442263
74337054
95751522
9074126
24185710
8996019
21404019
30910057
61242048
116941698
67163644
48222791
35790539
61655726
22837015
95208488
73104974
109648429
9084993
23980287
24190003
32777028
112002278
113056430
24184072
36670058
24193082
19878683
98445370
45709658
96636447
87332846
109693974
14765402
110690021
97197456
24189020
92134883
97478675
9346162
62373377
67767
37667923
67172392
95695695
91053960
8617279
110422682
73341102
37662848
37490317
9194215
111396608
111266167
109750944
86069
35889294
44444160
61863471
24214376
83793467
24184090
61150083
55018933
44986985
61286816
111396606
86169339
15128793
42116231
45875357
61585
60986674
48910325
60739475
61846376
85339145
60965676
281059
98538370
97176021
60657950
98249422
53622131
43534023
60736498
74933058
110630039
112725716
74075512
51349006
24214380
41892007
9655360
644373
62189358
58668790
44810389
65422796
97498001
50353832
490922
74793553
36136380
57520355
24801800
60972724
61848712
65503075
91842148
61831623
110561990
10467939
29777741
49611900
23240798
26603606
49611958
110627062
24193051
36843886
57332967
75152232
24221453
37490335
95732105
24189975
10693852
74535993
30774819
76330387
8829740
37670302
86412627
101307436
98456671
110789497
97571789
9019844
65456380
29435741
21417585
95554095
4520890
24184032
111339751
74701456
57457142
109603103
9128912
11351955
111355530
61996231
15103681
13976237
49611896
73463056
57568394
13379986
97490959
68024457
60823106
95731834
45709654
98227112
57456778
98054383
8900846
109744695
97206306
53617333
24214860
60972746
113051218
74020154
61520512
24185134
113613904
95730923
62025059
24189987
1554806
51045217
44299522
61837535
109797554
45663735
713870
10004265
11671802
95746253
95743774
75728299
32866573
113571457
45533575
61006704
60734190
13824540
57455240
163304
61768445
722304
8278856
97186514
67036734
37670306
24191383
61028961
37490348
61138924
84575623
108523687
21883070
30910645
16450432
24189996
42330140
61516597
24206650
2496888
24223904
30798701
54983185
62085102
28824145
24185177
58222701
24213483
61208661
60609658
24210529
33289106
37686685
23978208
8139736
67157048
4901959
27757068
19824704
72748927
76298418
61059412
73341158
74240
62108401
113096103
41684134
74799423
45533648
76603957
93038392
98357874
8710214
15334003
60679749
70051
61996235
65689383
490759
19546
83497117
51723697
8639905
87806459
65502757
127378729
32127952
24184588
62200462
26542298
72396570
24204574
61111713
61202576
75317907
72803742
9380918
122751450
45455495
60845730
61672200
61212071
465337
95734249
62200161
98227250
110589063
61848715
73341132
9655355
96639539
95558596
97155224
32969508
95629827
30801422
62180809
97195609
110785157
3778138
73338100
10238595
24222208
3957052
235837
12265
74701563
109459653
89964473
110454737
21927912
61241887
60795207
26461711
24193076
62209738
98556812
42962962
62830763
89232870
38001657
97526438
72640907
1616
5303850
21411031
49611903
45881760
9194222
11447429
95612428
8782273
95589246
111396611
109608643
2073904
61312179
223736
44625151
96811917
2947714
98450089
60699619
25939264
10241731
44291493
70529
61810773
71494132
109340179
37042204
44788870
60794805
95796886
9117843
24748075
74059073
21410076
61831556
24185733
110593355
28420267
45533621
44545146
9450140
32868367
56849612
10465679
44810386
9030932
45709668
284412
110405659
19003285
61091950
109342818
98054597
45533574
15113939
13474942
3442771
74098678
9084994
61227427
74738613
24206655
97128817
8210349
113143509
35803422
9530500
128923558
32186565
276241
37490347
60799020
97933630
24190012
21105932
24213489
61961208
336552
61185904
24184606
9495997
24184790
102086281
4703536
4933836
37553377
61692109
60793781
14548739
110777131
10201687
57558511
9128908
76708294
10558346
10404071
14437909
2015834
10524525
60735453
52369383
61314831
109344021
32982736
11631802
9632613
9161610
74924841
10765505
61921474
8686409
21429929
21106424
61846377
24189983
556064
92408775
110440987
28543731
98020968
98356084
84171
92984919
53531029
13104846
74704903
61391009
62168753
45701035
11253650
23978291
5360378
102077130
9041801
554638
9194223
60827155
392499
60678980
61572024
75596645
10427510
60972991
265945
15392786
61188063
75144578
21882893
74207786
98322408
85217627
61541688
113387444
8258093
9030933
24804825
2532232
9507501
77416624
72803621
61716734
60794702
65415052
483552
97650169
109309506
98096055
58226911
24189009
95782698
49611965
558263
74704967
44108807
13259
8416456
29778890
46222796
10369037
10558343
17564
61158196
41233075
95593729
128933251
60798434
132664
2412552
60735620
62830068
10585230
37654368
10417939
10252536
110401514
9161613
37670316
73215868
60752557
33003811
85487
101530646
3628178
32985096
75596740
109771133
21417760
52369435
113571769
65332576
60819800
83024
62151307
113457342
5412591
37654367
514263
74207784
11289
10539592
49693331
24184094
13299627
29778608
490598
95623930
10019895
113389925
3482305
61874847
28409515
92170640
3070342
67028120
24193079
25933921
61002371
61543406
73381520
110438492
29777174
94786225
60681767
51245191
97176388
111341369
110620710
19592381
74701613
3749980
73991598
10437318
483788
98962821
35491495
83869024
10157897
98015162
52099660
95596333
60970288
46216549
122897377
11364773
109603551
49611978
61639737
60705390
51722626
95722075
43682224
2283990
60699602
24185250
58223060
90215936
60822731
9632614
49611970
24189015
29777269
61085579
109730995
111266230
8164994
8550053
28420096
1013322
74014648
29779117
73066068
98166063
24205637
24189005
37490322
108523139
96516817
45533629
24189010
50425527
61840858
74937022
8305561
110560137
102070867
97115770
19171278
11404
73461796
88040758
94541
98223554
74729697
5474831
4473835
98265707
60999381
9291360
88312037
24210538
24188998
83194760
78336009
44987008
60685783
95635918
29779107
60847586
18887761
73706980
71517878
73254119
45455529
60823123
102539045
19399593
45663739
95594076
60608406
10381721
73973857
62209745
72705159
60794025
24589251
61587805
44020757
24217482
24793230
45533607
24184034
6035
73381542
89425268
98190149
113569346
248012
9106835
24205649
35468971
24189985
41306827
58227335
9753924
24205631
33290254
29778869
109662343
95641290
61157425
409687
75228591
67160691
37490374
35905425
75719700
30687786
50353692
4911451
61034447
60820609
92764004
61331431
103713148
21513243
61431933
9074123
116935405
60999755
346545
24222004
45533572
24214373
67031193
61503694
10216262
24184063
4677000
53211067
9216032
24222224
73180989
88342468
8594784
122899344
58226248
44545170
58188753
62134285
75613223
96818539
60796404
24185405
57251410
24191376
60687990
113472985
73143999
62070769
62772241
73341153
60825577
61213427
113569468
97169868
74337052
65502028
109771382
97950625
11501928
74701583
238021
45709661
110427676
514289
28267
61317771
60685092
65528521
61494769
71050561
13835895
7322
61250528
61239455
24184051
44802133
81213
483981
95126989
26470482
61839023
110429673
73950306
97234112
29778674
7990976
96942938
61512484
74704990
32969132
113388688
122331584
61366132
26411687
37490382
74705065
24185713
61387748
29778573
201254
23980017
74729713
61090791
75728278
46038197
48231951
61235060
497655
21395568
24185672
9291357
41692033
75003728
208370
5474828
75084663
49611982
9106842
60992460
24193084
60814459
15303561
5307437
15131643
65326788
60970616
9739270
8416458
60799053
76553863
10300716
61563821
9993863
61035662
95607428
28190423
23347070
24183579
9291359
8210350
9312445
43584633
491157
34980666
73341129
37662855
32476480
32983646
62074811
24189028
513833
71564041
62013145
95678769
75146195
48896640
74079971
98125883
61950928
61369141
95622137
93192973
61209136
24193050
95653297
24185431
90698995
45452759
97127297
95594641
98044995
49611908
14731984
62169109
9717587
73181002
109904985
73381552
9695894
10520111
51025875
45533566
11317303
53615354
24805737
60820784
24185397
24193070
60824895
9380921
43924373
94780863
61157784
87677008
63187
24223730
35482921
74053201
24184584
60830221
60794768
24606268
61540515
83621
45455521
62055522
49611889
58817407
4483064
60797118
21265622
95698202
24184630
60799289
26588465
58214630
83833584
45455538
74888984
88707721
75629767
109695942
65406853
32127797
97202809
75129724
73341108
109118647
75728298
60657274
60679717
113617037
50673645
631351
4934389
24214877
8758314
9632616
10184361
110462495
58186494
113458827
24184607
61846382
61643798
61505071
61475327
35905415
44986809
10201688
37490369
61039797
125077
37490359
62174839
5471612
74825418
9259196
9847423
9301556
96713946
55640175
9732095
61157872
95766914
71061772
61503648
10179112
61607350
19028032
37686688
37438349
4518984
110566500
61551084
24190792
19916202
26483780
65731623
49611973
508096
86481418
24597679
94786667
491764
67967621
51268997
217532
37667890
19554495
58179540
8419
29782720
72396970
4483020
29366303
9919509
9106845
10190845
109811105
44788879
57445219
62062676
514228
89775939
24193042
37490308
31043
111265935
79685
61255223
72419794
46036019
67157318
110547777
70576
8948449
8416453
37664029
61018897
24185885
93311891
4321380
52675547
97546794
98189482
454629
21414238
24184624
21412315
96524185
109827
9575758
28716520
61000468
21106001
48226105
74701516
61185147
29777923
97976210
86064304
45709687
25942682
9993865
24189018
75129686
19974853
35469471
25948135
95760553
24223903
21408362
11312637
38774845
114853671
108463039
15182060
109341463
87315089
96524495
27122098
61230533
24189030
21415176
98442571
61477114
257736
37669025
84197246
61212492
62792634
61106927
29777288
7842766
3507298
75144436
14889371
13084538
28557246
61841274
61311354
45683063
73096123
103868320
45533638
57428622
57416953
53608496
395287
65463855
382694
95650900
1739602
60922994
32947176
24206646
61833294
24597954
44104029
95590151
37700352
73075688
61133551
109355116
74705029
37664202
75228613
29737606
74105
96526324
84151903
6657
72027
9269940
111396604
61421850
61286310
45533609
61040330
76703809
30903535
8710217
72834030
65438385
48354610
109331007
98435470
32985214
24204561
15544459
458712
62209740
110070
60832816
9150868
62134282
88007746
109418865
60846039
263793
45709674
75643808
109322889
74701478
122707528
48229985
23978012
110613304
75149250
8734173
86849490
75081547
76601389
97651951
9161611
57383648
61043767
61344297
61840422
74701597
10661138
43970030
90119978
9587355
122334694
8639909
98492534
65426541
24184602
84757658
72388117
113126402
557672
23978407
74369069
24206645
61431274
14357429
201754
60916352
61148853
96798383
13660987
75229073
9495996
24185271
30917607
61572274
58183684
8436726
8210347
74179855
67889111
2050005
61296059
75627782
35482694
97116102
37555134
13203565
65653627
57565575
44788868
2052160
101868704
61078391
37490378
87806406
109606539
65466963
8436732
37490305
75145780
60658426
75229590
37490346
75226818
10244
49611899
4575526
37550396
95751667
9875788
9564384
61233503
110481831
13718299
44798089
29778659
110547662
73215844
32937314
24204582
61644774
96516887
37667281
73341092
96524280
109876371
45455493
9473037
45455523
61982995
61651382
9919506
24210540
23978363
29777491
60793798
43292841
48218444
514288
122896636
8662428
14273508
5362437
24185113
84625967
8782276
61590225
63800
24191361
9427128
83833606
7862349
11281717
60162442
74701656
8900848
92963414
75152986
23917526
60793984
1362813
95681748
74705011
40301839
238027
17335175
2061445
109315649
73956852
45403423
21787271
62105493
37871778
10498079
62085103
29779287
36776908
111408873
51348916
72745731
29357921
57444527
24189012
48231584
72646019
95793670
7173
60657756
9964046
715471
10129080
102902219
96807482
61364181
61302605
74701620
74937542
60827232
43467469
24185209
48779183
57325049
9578316
9291358
61224134
61693629
110565219
64820168
109461986
45533635
67163916
23375639
75134501
75144439
62832637
26552000
37490327
96745897
62832251
61222835
60685063
96885126
61533098
503188
14446656
8416459
21503773
86221632
97565143
53364964
96435322
122771
19972595
60823873
24204571
61244174
75576536
96525839
11437771
10299929
80930969
95666293
23980825
113493997
1873042
44751887
110427651
362252
74838823
488672
10571798
38238193
19142724
74701439
110478002
74701405
74920263
57397302
62025056
102087234
10396
61235366
89847862
61833759
9789944
14218463
29778928
87626727
74705122
37670313
86246311
32984357
41221499
554626
15334010
62108191
8853753
21106000
86073
15392872
65425419
74018874
75146440
45533639
58181176
60688210
17930397
65533942
40293298
60747611
8710221
75665758
60794853
61431716
71256667
10043481
37490353
10392495
11284221
60827504
67031567
27690768
97186807
9024994
45884358
61172387
24190797
35033679
72812457
123905
110476284
22898861
61565500
61222865
110144569
40278517
76541999
556039
21379772
65383658
44810391
98484623
32742178
61212924
14749338
60682449
75146560
74207780
24204583
24184067
61330601
111852010
60930555
30646815
62055524
60824537
73113474
9461549
61863307
41836338
109782545
37490352
76601494
74729703
74701704
61892099
95782498
232946
57378011
109336577
37998543
19473916
45819498
10492602
24189984
111353289
109306328
122977
48218220
113075269
113480895
13226427
3152632
4529964
82955292
52739803
113451900
92707247
8594787
98077787
109732877
45663733
113477647
65778102
95553308
45709682
92905923
9161612
60824435
95787386
60794713
98560479
44580295
88679843
31044
73931354
46090348
2277689
90620763
117033692
111396607
32789933
44626995
60986975
58806580
110546187
109708134
28484337
61462124
45891129
21412507
76330460
96522728
109479981
95621653
111523240
96432072
309391
23147991
37490298
61613544
95781457
53212531
109788724
9172403
24184586
45455534
3497271
61631399
4369409
65437915
92963778
24184619
29310099
28676911
96524500
94232467
45605387
86333
48640744
74701622
37490326
24184634
84720586
279745
92520717
24221897
61082024
24185339
74145006
95586142
37490341
111348438
5472686
61245697
61221924
72749241
24196148
65509383
95613216
40275659
72803330
10295497
95687030
52360079
10156599
97933625
9322927
24204569
60797189
110423345
61833283
9643991
29778405
61364842
113388633
5319814
61341550
284336
4483423
61962071
95548106
61376503
98187731
74701508
65428686
45624691
68905005
97408994
55062668
45709656
65427188
514262
37490339
28680909
4320252
60833127
43264830
74701648
13539578
74705097
3611080
97497999
75587345
58227866
58180760
111052996
4464990
97910375
73143986
14866271
61217582
45709673
24834569
61045358
84000162
75595891
203492
9369497
29784274
108264983
112015107
61835072
61208179
83433463
9717941
61248424
75612856
392446
73338078
23978331
97476784
1769989
113460322
65357093
9301561
10211853
111561320
75728296
61947183
97310440
61861574
109784216
44810384
9175338
62095072
4516000
50426922
14901155
98164170
9943428
32967526
45808611
66090591
371303
60657377
61564673
32141802
74701654
86279189
2605480
8053095
110450061
24191380
95737740
45699253
85667236
75672004
95604969
43885802
60678487
24189992
76577875
21416013
15269425
10671967
111341980
61359742
60913944
9632615
11621969
4738041
98057901
9666763
24185193
65342197
24193063
60763597
27651165
113393398
60735501
109461968
15049332
15396720
29777501
10581754
61662139
22900022
29778109
10338857
9227005
73381535
256085
111396605
62957981
97933620
123187998
95590670
110423820
55633839
4278660
24221894
263613
62841980
37490358
65450619
60795537
57465342
477590
110511646
26286534
73143955
7969615
24193062
24193086
37227944
10288530
35915695
14346656
97300474
109461989
497907
73648175
75604052
49611913
14774641
95016647
23107139
75636571
95776461
35469191
57443866
37347535
97231583
30985688
61143077
110690035
25900381
35523171
116972539
23498981
72079620
74701419
9403934
13652145
96495483
2052161
65350244
97195116
24193060
84200416
73448789
60753413
9301562
58601400
61354707
75259524
62875938
63473
76601153
31118879
23127679
37490365
75004035
24185273
107561473
46262424
314199
48886414
95606739
60795472
60676547
2291777
24222738
483811
110561597
8617280
73661
10643667
111347339
24196169
74701574
4475721
61563473
77421712
97651972
96356471
75653170
111340664
24205648
35469192
60741978
61209256
23254644
61077953
8856356
61524829
91254230
61364026
827033
88082566
2939100
110592104
24193083
14710757
62412
75233748
61222849
37350250
61848713
15263039
29775287
45695377
73379229
32686182
97209310
89266543
388673
61846385
74704996
72798677
95630955
24214878
96857929
42330085
107434608
10266384
483798
23499388
62168752
24184030
44258998
61502111
73381511
74999313
485128
9237705
95761196
8734170
205473
24221495
24184060
29774645
36830508
21229731
61968856
8074528
8351719
65429982
84910304
75152609
60659350
98126761
61157709
75150044
109461889
23978378
98276812
26575502
98330453
98550161
32984340
97550755
340513
45603979
111265980
61272762
21416631
61868093
11458725
71049355
44810394
10211852
557663
9084992
21111758
61031360
74701461
61090965
15358918
95649546
60902098
61241886
29777743
37490331
9643990
32956750
63940
11273736
27017477
5883791
60824522
70847
75728380
7838104
122335710
10198952
97297951
10204539
73215900
24184085
10465681
4934489
514116
97311622
109877534
73181011
60925974
63486
67176209
62020481
48228074
36478715
27454068
109873923
71054364
65428076
57438752
13777450
44788867
24210525
9095926
8411505
44537075
11542930
3760371
67025199
113136299
62055521
61152328
462015
94215273
8572423
8300592
61335586
261057
75146070
110605629
97493033
32985804
102086836
61041114
29778948
109337628
40278910
9415614
98011331
57376809
98174181
14198097
97101921
571522
109306245
74701484
97546795
24204548
61374307
19598278
30166778
95707949
48220283
75669293
45455512
23955642
109798955
9322926
44810381
98215679
217981
74812923
10387772
109602955
61188330
97249901
11517734
61335670
60827337
96924888
95646650
24206656
34445983
5883786
15200706
75069618
48478385
72403261
95705933
21883869
57444382
38775308
67034004
109819816
95548186
72702243
10212145
95590005
24183605
3550094
35493289
7951
75546825
32774111
65758428
11591113
24190001
45533573
60827067
97944118
37664201
109797795
57474440
8187653
3031394
34214753
96353854
45533564
87790874
306503
98330206
97465771
95727233
57457300
35903462
93844796
61448680
96739273
62113155
98104206
211893
2012916
10602794
244954
32035071
25994759
51730202
67966116
24190004
21413717
24205645
37490307
98320747
44211592
74701443
96800802
8900851
74701593
24222013
24189038
24189994
24205642
110568667
45533627
61167427
43875943
98483585
109759704
10221676
74020967
8117799
97543489
61475613
74701625
75226255
128948538
96636445
72691806
37490384
114992325
74705044
44810388
7157
30988307
113453920
76601723
98367911
24185446
495219
73180985
109461985
92934666
11422512
94285569
51848215
37553566
45709669
71050647
61034506
109121409
101323561
61464586
82979048
102081635
87591010
10578499
60999690
35799869
46266507
497902
72767797
24189993
98442576
88889450
10413791
61005372
84666489
11591
9066715
115017622
75149972
24193066
8782278
37686689
57477059
60688782
71364420
45624512
8527312
24185275
75086481
269800
28466285
23979095
60689402
8187644
73195759
62146461
14197998
72644544
15200672
45663734
97475017
94695909
60689346
18762135
73215841
25070777
9301553
9269938
97234753
37490321
29777281
10308699
29778080
10492605
483735
61524438
60646858
13697339
62071680
95693663
9450108
9587356
24203511
50353829
111541544
45533617
45533613
3005972
62875225
91127862
9128910
62055523
98309849
2353372
110401641
13627904
61227603
61432034
24203512
14999831
10291099
61433724
74705156
51045080
74701662
26234521
24193068
23978298
61968855
21415763
235278
89033947
75449584
88480882
89100815
74704962
43520820
96942941
468551
61051183
229157
86388448
24222775
27174027
49611960
98104623
58182074
57471393
62121437
464768
45455528
35774868
109396874
122761115
13729952
48228901
75086897
74072604
10607663
62031224
72413842
83234878
74701695
9564382
9019848
57444397
98612903
24204581
75152657
74060539
102539106
37668160
95558938
24184617
61227079
1013321
111264738
96527177
61534129
8096061
95651595
13522441
26580217
73096092
98053970
22898180
5320162
65755422
52511572
29773971
65767480
457620
24184589
98053488
60685365
23254759
113475353
64957148
94285334
60826100
9811571
57567579
24185457
61507327
46307405
61603428
74701416
61221608
26269265
102085750
10163504
75085421
23979096
97308270
61346411
2076656
61520572
48930992
74939008
4940518
61224074
95717933
38236283
61530388
11984
10350579
23978209
24210551
5290300
61840007
37653242
110547691
5378652
40206843
24791911
110401616
95613582
85079
75662402
61480969
21418090
9205171
74088732
37347232
74704984
76601512
61140318
52369176
4518977
7175
65687
65485141
14506592
61398657
29778457
102080467
30647197
122424108
83637098
97480923
48886987
14054992
91586827
557121
24183601
98103556
29778898
67966845
57434119
45533647
14228723
10466603
2074305
4483419
24210546
60999477
61029192
10564328
109436756
10407891
113453411
45455522
49398488
68007921
24210548
74988084
57559390
109461983
61583235
67966118
96716015
62159850
52803045
73096258
35468705
24222147
61475643
98471593
109120943
61127395
128264
58182247
88521
75234299
24203507
63679
95579314
89856224
60669816
61363285
113498472
45533608
60823240
24184581
24222148
60657528
55000
110401726
8233228
15255761
5472685
57444564
23980352
24223648
42077093
24184854
110605020
60638239
9248739
109352657
111353291
61054801
32677626
57438829
93532007
73242
8527313
61007946
11580
24184044
97546790
9052567
74705072
30299643
9106840
8900852
45652517
6032
10413363
61585890
95658221
98111664
109615308
10731682
74705069
61049491
46036957
45709685
41674274
58229582
9782692
75153008
60825834
57445453
48217480
96718043
65450131
37947110
34214852
9052564
74121596
65159279
95726258
68015368
10506352
82125922
75225200
24190014
74701412
73101141
8416454
61189841
21393588
56390928
52677413
65769979
53426421
24180614
72815391
74704976
110567918
62167845
88058264
37767157
33663
45652519
74055224
86243371
24785217
60832814
75629569
95566331
75537132
9205173
95077536
109607840
14137025
97521481
97223028
24184627
61696572
61128517
29774509
113498345
37664652
97933618
74807315
24184048
45533618
121747
225841
24191370
45709686
48231346
46266597
74704942
24185712
109397099
24190796
95477012
27148971
34980678
32809613
9322925
11644038
86215272
60638237
61457640
5303851
61836088
50069486
9854573
62031225
61043765
29774436
113449779
60681530
483998
67038127
75149949
61352346
477430
4927536
45533632
60754972
96598531
8572425
61160740
73215832
92610605
73573180
23717626
11422465
9415619
15376980
37490386
109461892
390930
61031805
24184625
74738604
483734
95795978
73562633
109428366
23978529
30804938
128427
13102144
98218445
129309841
98228080
43012742
8436730
57429133
60825720
95617781
8710216
13460791
95625950
2052691
9993233
9519041
45709677
24193077
13279817
95684444
8662425
109776054
74704934
9227003
62822505
552423
10492610
111339647
108993863
61565480
26598766
36810775
484770
21170537
70180
31037289
35891151
32994851
76326814
24205638
60681763
68905263
1244216
62824124
37552652
37490383
294015
75145744
29778672
24183585
48230112
2016921
9542004
60763592
45709678
110764836
24184613
96848189
96886630
37490349
251985
2006318
248044
37490333
9943430
23185460
2285316
61474360
9139893
29778444
45652515
61219952
5421017
24206647
11335897
29778462
5306124
61241884
74553270
75125076
49693338
24221895
67033801
109114122
1251861
61090733
87931456
250228
73700110
21417002
96944418
45455524
61169106
8996020
60845737
76618349
122426255
109876378
81644086
24193073
24218532
27459011
97176538
29777396
73100127
553690
32984219
124655
61440279
109589737
110600009
26457414
42612212
95793680
109461982
109772028
60795054
58181045
84051253
21413729
61840103
74845194
60829295
61197277
13174937
61559829
33288655
13107972
24189986
4734985
98567245
62108409
11470392
51070954
61849179
25945647
26946030
95586308
74705090
4576099
23978656
27122100
9495993
497416
109351626
65506368
23894615
97304618
43187887
62823086
95547737
10435735
110002
24221885
61388535
85903631
96861229
15035018
457617
280400
4541712
32969179
9990598
61159516
61503030
28674475
32151857
44751876
472325
88626439
61117851
72385885
62843144
74261372
7990975
24189974
19932621
10742394
56307183
67024267
111396614
8662429
28291525
4896189
61179915
45709657
9403936
43264591
57497968
84089
10493092
74701402
95767370
503152
9380920
44179632
111385889
16048103
68904428
14298029
98226712
29774991
97048882
56298571
110619237
56493927
66738644
19161455
65430942
24184712
9041805
65437197
65370002
13077976
8009727
9334500
74705164
29775959
44784955
57456333
43894208
90123360
5307435
32476329
29784277
26483361
49611962
61689606
26592799
95605248
60748452
74076250
49611890
58828034
24185711
61348922
21521908
61516103
3902401
75088017
9183274
13593105
23255897
2036062
37670305
61836536
24188996
109315650
5370714
24184621
19309711
28604571
75124735
8411506
61226088
502518
61524837
95702892
45455519
111340444
48218096
87126
30183513
29778740
96797888
28536229
60847198
61388251
98415006
60830607
27531432
15334019
32968101
66721
13318565
75003661
83749328
96429963
62134287
73341141
51556200
61975634
72786463
97474335
71049839
61090133
171628
85241751
95700719
43585938
65510175
37670299
104615721
96829169
65498436
24205639
61968199
29778770
76616913
109600086
60923052
23955632
508727
73706979
2746833
27122094
97648637
56237111
83802
24185625
9553502
9312450
95637862
61051173
101847954
10437320
108523196
67966561
24183577
74701535
10027278
24184696
94232580
9357778
98199186
24184659
73381530
98176659
2397469
9632619
58183143
5382241
8662426
60826980
24213476
61613761
9030930
57572853
96527224
37664715
30004
28943750
48220509
37490345
24189970
61973700
60826456
22906233
83765834
95624444
37490328
11589
65437919
29782737
74705117
109117735
24184611
9979604
5751181
24184083
24184608
95922790
514287
65428432
253381
24184592
368421
5417520
24777736
95668348
99002606
32789932
52675440
72080583
60967786
32742188
29777500
35903808
53236591
95544491
61243043
98056227
8639903
107437659
71359827
60647909
98073913
97546791
745715
51965429
65750525
61113526
24184620
1363304
41165523
28677859
109417568
73341163
111255235
98260234
24185822
73190936
49611909
57435872
110539713
161475
62031226
113368935
72732867
16787640
60648126
15097412
75600428
10522972
73341146
28537292
29339590
61136441
62875106
61042440
99003
22899326
61922237
95647482
44810395
97350219
37347528
49611976
8710219
45455513
9507502
61841250
60845744
61128195
74701500
112726396
109916766
61355147
8436725
30988281
34496042
92827213
73381533
15906006
91795412
24204553
28425640
61834260
9172408
8210352
61077642
97128851
37490323
9334502
74528498
66423744
65499597
26945068
37654130
37490306
62981498
61383599
74701523
61628432
94493770
65512932
24189982
62070770
45533581
34215070
37686687
467109
23350050
10575698
38001546
8572421
96809156
109455891
57329390
61069704
74070451
43214173
65484523
23980923
37260982
110513799
10465675
45533610
26956794
53511841
61201154
75069726
45533612
61587226
61831247
61336834
61209457
61682167
74701698
46196481
96518165
73129340
5677129
5474830
37490385
74061665
27730444
88334642
74929197
97575
32054699
60685025
95669431
9739271
110430588
45403426
109675221
25070838
60739771
73173617
60967787
60789650
96717967
23079577
37666878
24218205
60794734
10159815
37490380
49722713
29778892
60924003
24189021
74555290
13410491
74020746
21412659
110620111
60659162
113570847
61692191
74811732
45533640
57015296
24218200
84994705
61199675
9074127
10542979
2078425
60913945
29315364
74701571
95628518
8594781
44986957
102900653
32864007
24193059
60794787
45455537
102073868
4478182
95263671
93269916
10159472
96683013
56708121
65436185
26464498
113498792
27122101
48230839
60986989
4380596
97065775
61973703
48227129
242502
10819729
110698620
60796412
110482750
52154351
9052566
27266051
137292
14007534
9542005
8504897
23246695
28291528
75669291
74889657
102538576
95726530
97482095
11622093
65505002
483794
51025382
10526742
76601545
109745789
37686686
44810396
61541687
74705114
37700361
86525416
32825271
61359754
72798095
22899018
26597195
62108193
98255542
8996015
92409051
7862345
95576783
5751176
97240345
73341123
11491806
23281016
58183363
37670297
107560645
61840401
37490311
26483902
75231257
60750480
7969617
112690789
30801611
62062906
68901703
61215577
95776434
10236435
45455492
41725232
57613538
98228133
76553862
48221619
74891804
75149179
61612
29783117
24210526
10632278
45533571
2047085
2942885
61280100
60827124
35916105
37664166
102909457
110474165
24598283
56489980
96490553
9117842
58673598
24190793
30799910
24184580
72421133
34214851
325
14929562
109490256
24831547
90172831
24184593
113051242
15035017
62132980
109479884
61642756
33288489
111340432
97883142
4554367
62134283
13850344
73341150
111339282
111351120
48226108
15516456
24185311
1053475
73104971
65742383
37285180
93677004
9194224
111355526
92170641
74701580
60972488
122327871
24185190
74705077
24213485
82720801
556075
15585646
109303694
74704930
11277098
62198181
61432614
110805232
24183603
10434264
45403409
74729681
35223278
62178283
73700109
97933624
65325654
315417
9117841
5307784
67039262
219400
715542
116452
73095054
75318825
21405205
96788992
45709665
171947
60635167
83711
44296099
15824777
61370488
61951644
37667114
10386704
61335205
5417521
45683064
26946795
10034060
113619428
98569648
98197676
24189043
45533565
61984664
21415709
9643992
44992767
29778652
98101615
45455531
96934906
21407921
8853757
9052563
24184596
95681487
556030
554392
31285
23980799
60829564
57565643
556858
11203798
84985317
24213467
43533985
10582764
85641923
110473660
9139894
61359194
91779587
24214374
12984457
514087
37490302
68024262
24184601
109351987
72776274
24223877
24183010
51715063
30993703
74941730
74705005
45403424
46291232
24204544
61381542
113392816
89029384
76622190
22837016
8996728
60826550
60733878
113393093
97693528
110630080
96528468
65340770
65505511
229762
8806043
122341031
61846384
74729691
37555221
23978265
60813042
4515821
26595072
45709672
110437678
61361867
59478
60657611
3086062
45605154
37490377
60793403
60795247
24218204
24598682
96942896
60793795
96533134
24213482
74701590
74059075
111519938
109365570
8096060
95698693
64956852
109716657
97571764
715808
8382
32916872
58601401
241484
15090190
44810385
111347617
51722621
72730790
10578024
41408661
61721628
52449116
10564329
109826453
83684438
508093
37490354
28687114
65666411
74701565
9030926
9312451
73215903
9990596
9269942
60994850
57444555
72737043
77406265
37465
110515693
61531123
96744929
10004273
60662790
49892757
95619963
9172406
111396609
60837675
116939468
107439479
73487
37490344
4528759
1876467
93575475
13536118
6001551
61846383
465327
14301297
24184915
62792315
8734171
74701392
9227001
92811325
24222246
98196887
61667624
45114743
21375970
91835907
28706862
29778599
97931340
102080923
24196153
19054056
16743818
29745482
87948589
45533636
192574
4912551
110405582
479995
37670303
5323283
4927194
49611968
24193067
23980792
60680435
9312447
488894
9030928
60742056
60680258
62023433
11531780
60700493
191804
4415348
24204552
74729718
9150862
60795081
491515
24193080
10497293
248052
60831651
95735349
56685102
76641932
41588063
27122088
61376757
45533576
75150520
41386677
60825034
19156184
24218197
24184591
9269943
3376670
24185527
24184626
483146
60638240
27266022
61402403
74207787
36511
82348
61600585
62121433
24187931
16049210
75150588
85241900
24189997
61388214
109331975
5510002
62109854
2066424
9450109
57458691
4168765
74093994
74701560
20038565
24597714
113466546
35491444
14346937
55159611
13419471
65510008
10302596
14721624
61996232
60689916
37655329
61284433
74705066
18949182
65459517
24190788
38237448
29778464
2035997
67172065
76523
60845762
508734
62612179
62108402
62169108
58107221
30910827
48497635
4380712
5414819
1260786
37490329
52795800
109647747
52676926
24203506
10580289
67162174
37653243
61695617
28409470
24598704
97177735
97222728
128911838
98562873
3040255
102076077
61557063
75631448
73967575
96636492
9415613
14024109
109461981
61345845
30995988
10019821
32757390
60613527
56679856
58183504
24193037
13303053
23978305
75947036
10004269
28291637
26483587
72817134
102086369
24184618
9825915
61190391
62129610
62966707
24184641
29371202
21408650
24599287
61306372
61340894
5412342
89033911
76641894
61546780
14284126
45701047
109782601
2283626
103713168
24185526
9655359
61335796
35991279
3684632
4260367
127098
83220415
62876932
9943426
9161609
9963055
90514484
9840170
97550485
61033533
94151096
22898424
98038465
110796207
61053502
337757
73341075
72811741
9128913
61474944
60758660
48514766
61236766
60807055
379578
37664518
1267059
75069970
24189979
117144939
73215894
113617038
42076749
75069619
60799290
96869369
24193056
52675752
8900855
76577374
49611969
63802
2086269
44798087
98048956
229156
108519855
67166922
113571348
24223662
26483511
111396603
21105874
552293
57428504
15113171
68151
74538885
61569443
109748394
61650566
64829354
19051094
62170356
488197
113477661
61849180
61244276
96388
61670707
14200676
51934038
9717588
35480194
32683424
61405983
110777171
98589797
37490370
95555828
45709660
44020754
24191365
74176015
97244450
491216
73132929
9301563
98470112
41177
61282409
98445381
127268
8351718
75146339
37670298
11226905
28699476
61005157
73338084
21883142
61832012
21411708
249530
110541141
9979605
122779393
10467801
75944911
24190015
98080646
76301042
41408642
61413567
29774224
72812386
16812878
74844569
96938632
35504373
61565939
1553342
48718795
61678709
9979602
109610688
75066384
61785219
24210545
76641775
62177225
9301557
24196170
75145654
37490325
110463750
172320
24184100
26470414
45616985
37490375
45533577
61388247
2074097
4799290
96833511
95788172
60742085
60750400
60820094
11182014
60679340
84170252
23978532
79393
78429564
27017474
4523215
73341175
110482390
35915991
109339313
10435734
9530540
13343873
24223891
65323214
61801372
61346042
62093556
61176486
61041469
32792251
73643794
61409482
10224621
34447849
24223649
98157917
95934129
62168754
5414402
14489616
13850405
36821111
24184077
8948451
111266373
67135
75590625
28474457
55779
32984136
60825625
9964047
73341126
24793103
61996233
3332401
97406858
61330802
61846381
41822334
88347003
198601
65694456
24184045
109648443
73341152
61157031
28716065
83433791
58602435
45604804
9632618
10670917
93598290
15129880
45663730
45709671
110530725
7837413
8074529
24191372
15217869
74705020
73096665
8594782
60685464
74430500
61128459
37668016
67492949
478047
24190791
30916012
48228026
95729317
61584963
308339
34988380
98195570
95797966
61357904
98201825
2289287
61051177
60739156
26497779
67496865
61388508
79900
95750505
98567546
37232221
102086824
102538420
58229467
103873063
11650008
95543278
61498721
26601472
128263
24184597
74705103
111579030
13768969
61156590
109343272
37490303
61837451
37700356
61531129
60757139
102714749
24189023
61309741
74701395
73462777
60704873
61669910
74337053
71062441
62937773
61352764
75728352
1221134
75226057
2926473
24222015
483731
4482277
15749615
61227395
5859028
95728921
9280668
2999336
74999320
52356067
61017346
14060530
38004412
48779083
97186489
96823646
74704971
60822181
8972223
30774911
61040174
58195917
89225972
57474545
60678699
74705056
97297910
60742399
2041215
30914903
24769623
45874814
10816760
60972791
85375981
73341138
201676
65477075
37074784
19125779
61218165
27651175
60757818
61209550
8710215
60820188
75728281
61785793
93967477
109331986
37667120
57444955
21379773
122899200
618582
61475241
24221588
110622631
12283708
73104962
73341066
24193065
24222084
61066564
15157592
65447748
2033755
61831492
35483470
73451563
62121436
37490337
27445258
61307049
15468264
53610852
83904236
60680028
4483422
8900849
9955922
60794840
62189672
31118878
24184615
95796597
48938151
73520205
87508030
8572422
43457714
60794825
98357687
29778270
62121435
61037175
9312449
127418
110546189
73173620
61338191
45709663
9194207
8031223
97545662
10043480
24184102
60853767
96788479
57362
8758316
109660350
65747641
110568184
101930678
109480047
37490372
96636496
8972218
110538165
57572772
95591416
24214865
48221486
24184057
24183598
111583092
73096377
45709680
96807490
9115554
11365721
21233232
73095076
24222050
556643
62971155
72732439
75145655
263898
37490343
75072857
23979064
113451286
60837564
388795
62132984
554874
84536679
36257408
9106834
49611972
74701459
91529764
61123846
9312452
24210557
58107106
24204550
11576
95603052
65653735
61832731
61505742
60942764
199426
10781083
65439913
21412443
37651590
74701442
109371175
48769884
5145353
61224854
65429691
32698732
37670307
9216036
2041163
109819334
98249436
48032
97226319
16013555
128262
24193049
9598560
491686
10655153
57475433
75137407
90920867
9291361
25184
32984989
97482084
74705061
72728615
75728361
16115620
75148628
14661907
24193078
88827
5051075
73100114
61104832
62122202
110423237
45696744
109637416
9194216
95724879
8395019
16093993
8877322
45455536
60738528
4553205
95635993
32926823
24184583
60987928
29777607
110405310
75154091
74701672
10179007
13734592
42398593
73143954
15379340
24185242
28410969
113395010
60794706
9609901
65432128
110420676
37490350
98073590
507179
95576781
22234990
61378210
20183
110489611
24204566
60682578
73094797
29777887
110425094
61345510
60908881
60793787
9811570
62209742
74729689
60795513
61952137
110454736
61520246
24190786
109811002
109870774
80935
21413804
45533643
95755947
83739395
29777450
61224153
102523891
45817914
7876663
58222714
61840746
557112
8256099
76531994
95544077
4446473
43924337
109418862
74705081
61835128
113446990
97459262
95763152
60680436
61704732
4454328
284821
13910952
24196173
73448986
36265314
75146118
83868429
97417514
95568656
388655
97546789
72815387
26569122
57537349
514014
23223174
45210180
75226056
57429427
24190013
75146552
86267830
3900396
96809618
102524141
37670310
61824289
74032705
9074129
65653661
61245696
459167
21490344
24190010
95609710
113447086
57566885
35515064
13975582
37219695
9139892
48224318
132339
15578229
62132985
48530542
62064600
97222726
61541685
109610854
8572420
13280
24190005
60969888
110567548
10297844
113589427
74940479
45709667
23080828
9495992
50312
65329532
57503049
95703769
75004657
37551148
9697267
74738614
61429760
10583338
76641569
2018877
62910309
51552085
65421362
75233030
9095927
95703202
61595336
110533601
109809973
109669891
37651563
37700357
111546956
60753531
73316265
24213481
61009440
109348221
109324161
44751874
75643787
17239912
637613
15553245
60790860
72765439
5304901
9943431
36911351
4511999
24184081
60705087
65506030
9695895
36104044
21171512
24206664
72824907
26483849
95740852
24189969
72764083
73338090
13435091
61973699
71368
44640127
9495991
75611345
58222696
75129731
62146458
489220
287157
9797107
60688808
62210838
21170748
2034174
255705
39188443
61196961
95749670
57538397
29779108
41755488
44034376
60826820
60827362
27122099
4541764
24191387
61522940
74098793
61444941
472215
65536932
45663740
52327813
91127508
61846378
1278689
58806309
65438002
61455313
61627510
57569042
109676860
37490351
109461978
61136073
24184050
61848714
37490356
91908477
11254789
61034581
61409298
109823947
97220232
52368578
65462501
8662427
96929321
60608275
60685803
60686318
74701513
116977604
30776905
87451471
9621292
60747796
9165088
24184688
95785706
113472944
98360883
24190801
8256096
97933631
24184095
24210549
33290619
50353768
23621777
57457179
21418523
9747966
65468915
24214377
9058375
62173068
5307352
6897
74937541
111347356
21418734
95797201
75923250
2893342
51556213
45455525
61187847
24190787
483771
5361372
62977551
24748421
35468988
32982429
76553864
94786718
109732825
62895701
10404989
109669074
35887237
61285547
48526733
26997164
45533616
95678243
27458590
28425141
84482505
61338502
9789945
11203705
10663926
24189973
48530543
72718684
26464503
95754237
98516222
10004263
61564677
10384669
62064444
61181171
23979139
72804660
62107586
98202298
45533578
88351862
61050823
4519747
14691018
72640151
23345895
98422482
62175417
96710415
60998124
61534988
75146218
15999864
45455510
10629018
97573639
2412550
61108183
23350240
9019847
73381538
61618120
109691202
61874851
58601399
60639715
74705144
29778174
97203629
43497379
10178938
113393203
97177653
32994814
14503927
114867225
8948454
57526343
97693237
24185211
97644465
24204547
61224365
35799958
45452764
41386775
51037331
61346775
24189025
14446897
74053200
65493388
61438986
22898621
74701555
3668976
508728
44751879
16499207
11435
96640232
24185439
111351826
8617278
72645924
9194217
29779352
24591582
24193036
16096324
114505005
71087306
62189357
8948452
109417829
29780904
44684301
4483418
21783043
9052565
28291627
109773191
368694
61565478
61551347
37662854
60215
88027418
111339898
62209737
22898765
98077240
24213487
6039926
110627050
65424270
24776563
19673279
72647260
2103025
181185
477518
72414671
72416879
30987484
61840848
6718
13503567
67034512
75129678
311997
497030
53214377
496984
26464576
75441097
66090589
9427130
102898505
9041800
61115490
95731966
27148977
45455535
26054319
62084394
74988326
65334193
65687069
110479605
34448206
102898436
13710944
109604106
61288840
74704914
21412326
96438893
73517563
10465746
24794000
24189004
65740393
34984174
5306325
60823077
9276381
62832400
61294348
110628460
45702879
75723074
28604469
60746403
9194219
26467914
73095044
57444957
24185492
109773048
10189664
261096
21884230
91782288
69340
63937
48230450
57567102
45709688
65476091
98051446
110433292
60737018
97931157
71364433
186135
61405854
111340708
9312448
37490357
13408404
97312762
128946903
1042260
111338147
8924677
34988379
61211057
8436729
52531546
24590407
14492672
32983013
45604917
48640661
24184599
62169106
60822110
61638167
98446094
61949544
10512308
9415618
57435874
62159853
60847167
9943433
10004274
61214009
29328457
64851342
60837805
5319658
9357779
46344524
9248741
58817475
74704947
44961777
94497706
35506446
9403938
60795103
95568913
75534976
24203504
97546792
74207788
24825355
10004270
62134284
97244451
62134279
96464269
61820218
29777603
62134288
24598402
75669292
60746663
9280669
60638208
35481909
61366922
109811538
10733002
9964045
13805194
48351181
61840146
98049644
61555407
65410884
98075774
10430008
14831631
109682814
8710222
75146340
37490368
61564792
37700353
95674703
109771566
32984703
61241885
3673922
95741723
72717441
9564383
5361802
65782698
109676691
98538452
45533579
41829739
53602106
95787233
21430993
216637
490921
12551389
61159896
37045067
10549643
74158207
24204587
60737974
58181275
23331125
109801468
4926536
37490381
62108188
21405875
4984859
95689142
61633641
76579296
15255764
556859
95545485
24213466
32982449
99339
9150863
277245
65466417
9183275
10138342
96750719
28536233
74705047
45652516
37490332
73562634
22886589
62106369
61940660
113447352
29332598
61525480
96435417
98447076
110498331
112725856
61462959
33290618
53542542
75139380
62159854
49611904
61000695
34496043
61363113
98187239
61243044
61299229
95739320
111356260
58189429
72808631
9943422
21428307
34501286
97175096
24184795
97933626
60829724
24205633
110450177
62924228
67160332
74898152
8187654
96929323
61541684
24222101
95557551
163905
62055983
62179193
29778320
32994815
218133
60690900
11634695
60706414
95543800
40301933
61230666
75723098
20011976
88707662
19755389
26488861
10574245
57457399
24185870
10159183
37670311
65748192
51353452
8734174
65422594
61197960
9542006
24218932
119627
8395022
37490304
60681768
84536396
222952
3014562
75235533
83233651
9804379
27265983
65418693
61050752
60733561
109315584
112726024
9564387
5414817
94094798
45533630
65460484
589141
60647217
65439032
71517530
61216541
95544178
102907767
9322922
96522267
70580958
61334550
61950929
637612
57560580
62192309
42421664
29778135
24205641
111040811
74704987
110489567
115040446
65398211
72428480
67153943
10558869
95578022
60972437
95778002
55076
111560803
10004266
62064709
74925109
61209700
477451
67032814
36831279
102538132
88744131
44607930
75631107
75151443
63479
9575759
34659146
10542929
60972558
32985553
8639908
97498000
45652511
76640197
8853758
45616752
53375459
110450060
16128456
65422461
121974
72833991
42338917
33823661
42689978
42051034
29777336
58222700
10824060
61433358
49611963
557750
24189000
494532
109644058
87824533
49611984
13859497
13818539
45884119
60647725
13603674
98126762
21415466
8305559
37657229
60833094
24204562
96891786
113393407
49611983
9301555
109876367
112725737
24206654
52269220
97222109
42100543
37228012
35802278
44784953
108515787
24185752
45605174
109359300
75146458
122640
72400791
61610307
48219260
10367699
33288371
61694748
73143979
61566636
109461890
79429
26000688
98401238
49611892
23978169
109798151
52483798
73519343
61135200
83886667
109760858
61824290
61182154
61193791
65511287
57444539
24193071
61463083
74704993
64864448
89775610
45533614
92658212
52379341
210074
45616986
477730
9161608
44751881
60635317
109922301
24191382
74999312
42172740
10774121
75612650
19598277
8096059
110479588
73341116
14302555
557602
96747420
2052159
61036187
48225976
24210530
18134
24189006
93748279
37490367
21473434
15618693
62108190
37555133
24184068
73985270
15533335
49611907
46266598
61451233
60601999
10586898
57596306
95579259
95696074
45455539
109587987
93680025
75263048
9438593
21266560
45533634
61245807
60846807
61339172
87111337
24184042
60794783
61530515
11254872
3349787
24214372
23978170
61571487
49611988
21473051
10750371
10535988
98227735
5912
93746230
95548514
618585
98097502
10288192
88376
76327036
1584169
208319
61824292
58183466
62097344
261829
24210509
61226130
61304811
9172405
514222
95762539
57467656
110482438
49611905
74701422
57497213
109334498
61841329
8639904
9269937
61118048
72695931
24184610
83904188
24184616
109799622
48220678
98195399
60657624
9128907
28414086
61808050
111580220
61287408
8877318
60930507
111267059
74891806
40296630
113143507
9183277
8996022
67174757
35792345
8278852
61295672
10569274
111346784
96528462
95607360
53617335
74701641
9681278
50353848
2033966
53227613
45869779
36673178
61626033
62209741
27266040
49611975
97933628
72392736
24222207
60825583
111848791
73129341
60689850
61620973
60967720
54983146
28677860
8210345
48228773
40275552
65323247
5421019
29778466
28542338
83695958
113117733
95613215
74207783
35782772
95787180
95709094
68151345
45652521
9484562
53622917
24185598
13355258
61038037
76604801
61204216
52368632
75728341
7857359
61538289
10519304
98551497
24223862
8504896
98557809
109461900
48714600
488671
15244406
24191379
58226153
24204564
32967198
94999561
13811516
24218930
48480217
98359947
24599301
58226150
62213349
16445328
205483
9357777
393937
24193081
60211496
60972723
45623767
24214379
67171918
23978907
110757409
9216030
24533924
32090495
98249438
29017
43633803
19916978
48528323
95670996
2347581
9183279
61355186
46128988
60749421
61841104
61395136
61375305
17254643
38774829
24196175
73101109
65485700
61892958
23977942
98423774
8300591
61225216
58841416
24210533
61001824
572592
10437319
67177436
26635588
120446
112696662
62121434
75144435
24193053
61568920
38001534
24185456
60823808
9964048
54929578
111578398
53619479
30918438
32830815
10676
37654874
98454194
44260456
113641177
9346163
72746260
36844624
109318934
73215838
86848
60799054
13082200
10526340
57438819
50353998
4934707
24185019
44648693
61027759
48223910
57435875
24196171
477173
38779942
61374462
96164676
75146166
14760880
26605520
95751766
24184794
58673597
74701541
73215887
10761236
13246075
58819705
24222781
8662418
8416457
48218224
61819657
111351313
23500000
35637953
8877321
75232488
94912229
61303244
75640306
61657204
70390
61504452
22898767
4482882
62146459
457619
75612579
61120376
2006749
62901487
60827013
44810392
61209185
95571451
65424655
191217
74069587
53053025
69032874
8877319
102539015
93322718
24184600
45533623
60667641
483631
74832008
113567775
96418064
13996745
35489421
45455532
8074533
57725
9041804
9280666
112729768
73886113
298215
75148675
21408633
60986995
29779440
67164379
67156554
26541778
60839628
95553828
46032555
34214356
218250
49825918
97597401
61504843
65502141
60753077
95681792
113463414
8187656
24204586
15542918
14935224
113387368
97214008
109615087
73215891
61836211
61601616
72396618
32702660
44788880
74705008
61774734
65378720
113143811
75596653
44784956
75628949
34892061
74705111
10242128
24196151
109312871
65745271
109812582
222743
32750798
10661855
57441595
109777417
24204545
60682511
27017481
10004267
60925891
44810380
75132348
37662998
97933627
95722956
65509519
102081752
95576782
74408329
51600301
62104996
48222248
10493095
11345471
108603
74701474
109403967
27273931
32864781
10437321
5306324
60809187
5484018
60815381
60688188
45403421
61968198
62013046
13481686
98506641
95678751
61285810
62132983
98434866
24210520
97014177
60741248
8806041
10637222
61609320
10288041
61567435
60985693
65511665
10409551
60809425
9553500
65685858
97572420
1460791
8164995
42059629
199353
109825002
76605483
37490376
32686847
72803313
57560459
58185778
82181274
222047
24185662
112725728
73195501
74701661
41210884
96829568
35483685
74987546
73143981
29778072
8210351
32975844
60746675
497888
57524159
93065
61034733
11447058
24185458
9717589
32789550
74701551
61846386
8572426
200739
44992545
60601979
74704904
109318521
52369227
103876891
15436300
110587783
9041803
73215884
95656033
113457389
45709684
95595939
14647865
78374
2080184
26530189
456087
37490318
24193058
33290616
122695121
75599976
24579102
114129
95764636
555601
61282338
35889303
9621294
61095778
10004264
9117845
35500099
95658220
95626113
9919508
8782277
9415617
60764513
21882614
98054476
111548006
32842827
60822565
9840168
61034765
10966
35803005
122730731
45533649
95632176
10310056
24214375
95727610
81812909
29780842
109328729
60837808
27017492
17983095
74134661
45694472
35799959
16818836
72727509
61905831
61447212
24189034
52355721
37652683
24604767
24223882
110422638
76638860
2873684
122329201
98565669
121840
23978608
35992747
75125014
88696433
97475018
61359526
111339662
62871046
98446464
44430253
55787293
96799873
1266414
8594785
5323289
18973
61838889
60678676
57438827
29325035
85692412
4893022
74701605
24190007
44426687
48229970
5145337
62038500
38773827
110481890
113613938
37700355
60795113
8074527
72646096
37083477
45709666
95692428
65159228
23147967
21414502
21406134
61569642
97001855
61648470
96527183
73256474
65488536
714660
10020383
8594786
61077783
8233229
61534873
52675808
60166843
96323246
52368791
109461984
61069819
26528221
60747799
60645928
51005790
60658617
1544084
7969616
65486857
83838
95551482
60922868
24191378
60845372
28620339
37490310
3391637
110441936
157150
32982732
95612927
4531363
113613823
49299947
24204565
60795305
61214860
61584984
10535545
61213328
27757070
9621293
37490363
85376175
24185251
61451238
95642286
61329899
86246302
60975535
73381514
29779662
24591240
61002799
86887
24193035
24185243
76549293
61054677
67494685
98063194
60909209
60706163
48714739
10547604
4927049
96938710
24189016
9084998
61831520
11856045
24213486
10436225
61818647
111396612
60700772
9369496
75441098
67031866
103872127
10281937
61040771
68403
21239646
157604
97933629
41386739
9919505
61395275
64884419
73173626
24185503
83689256
75598954
60602529
24185972
13166204
96522
40303529
51552634
65427186
24193055
62145605
30990225
60923038
61033625
75072403
476164
37490334
62085099
23897103
61199834
60845770
10514899
28055365
95632739
60832817
210767
98229752
37670301
21407387
24193048
4946709
60609866
109908188
60845758
110432701
11484353
73143953
62070767
95674408
61835950
37668025
58810764
72763663
9150867
65461786
10415764
98156908
111585345
8483339
24193061
9427131
36772008
98015164
9334503
48714545
98457252
30911688
61205792
4936079
29779334
24184950
14497168
9172404
87099770
60746593
95709040
97246829
3900524
96793560
65387739
61041471
9130397
36831493
14613622
60996900
63484
97333501
110570652
72809070
60740604
24222005
52320952
484923
29303946
8031222
60753554
95547087
75148700
8829739
11854769
19623606
156149
97168181
61681974
72396802
38773595
24189991
37197843
9847422
32917474
9564386
98483586
52499833
9519039
97569079
61564791
109744420
114812517
59147
74705125
60646904
9643988
61543112
96710413
113571016
242438
61098955
74705093
4936165
45533567
24190799
21413737
9369494
109659659
61199981
94786747
60820788
61834572
24204577
73341178
65780656
57428505
84513452
98553306
13500971
95728879
10411017
51026267
50121868
60837806
45663732
91744245
10499973
60745131
96745912
19624607
8972222
45455514
61539375
74705139
61487908
74948232
91551169
58214483
67030079
23978425
24184054
65329630
9655356
61029180
110547676
3434112
10498081
37490324
72836565
10509498
27029215
73104980
60794813
75675150
9507503
9979606
87578190
95769346
113391079
49611964
24183591
14583917
57459420
1553018
75146053
30528088
75129728
4751208
92057917
9269939
61372047
97966300
23980861
74408328
97406857
97931338
37667219
85051421
98360414
8187657
97114580
307171
74701410
62958961
8758317
24193064
75587385
26635590
73341135
94464538
61839327
18983953
61656864
49611887
491642
52675824
14678
28190555
24184609
97565150
9655357
86953186
24205643
92462188
483770
61517698
65508813
43924410
48229267
14346926
9403937
60753032
110437444
73450146
9979607
73094877
61140648
101754
9237702
10287509
37490379
61262687
14769625
60832815
75133949
60794704
26575504
231607
16739662
61818652
35501914
126785
49611961
97931339
4520878
9703152
98492061
61209116
61403493
62174840
112724669
51684547
9943424
113115649
44751886
95612193
48220677
202066
60794785
97571686
24184595
95786455
57444506
9412681
24189029
60812322
238422
13660166
8853755
9553501
61601820
91147268
61066568
95567260
61340238
21105889
85777723
62146457
30687871
60824370
57438511
113613942
8256101
122355129
122900585
61181608
75594426
111579387
10407892
57489501
9993862
2925785
32994795
67176035
109461910
8504895
24185896
98045258
9609902
61371475
98341849
60833773
9194220
11281733
28412861
111341372
37667290
490771
110423741
97300476
24221517
72717373
24213480
48218277
37663000
72813852
94540
15589
40293216
1256944
478048
51767363
62197790
61704842
9106841
9084995
74952
9106846
57564562
73992386
111341583
557124
24204585
110540762
109643551
14302654
35887060
74701453
26483749
72728547
11230336
497038
91265035
75975699
72729387
24187930
95625820
74701670
62488490
61007971
75150594
4934420
23980774
4483424
95773015
76614062
60753084
94832891
74701655
18993957
61194004
35785088
48222241
98968892
45709675
60680056
83868659
113051217
98259368
48766214
70255813
45455497
97572417
554373
74431466
61234011
61049816
97104957
60794871
13411360
97931341
24221530
97229869
73316268
96794243
24775490
21170123
45455533
8187650
62018527
98417774
10265143
72741791
61275622
9943427
96504556
390911
75594274
52735772
5474829
24196174
61592146
9415616
62129612
74701464
24189967
9052562
13474536
122334930
61579421
75086462
61840589
61421116
24205656
485127
109781706
72808515
29778760
9221653
86319
497406
8806040
97235328
61222870
24180590
48909214
61134796
28604565
4987048
60795213
61704225
75207
91459
164307
10575602
24221410
60637675
3184767
60839447
24184040
2061432
60972005
8686407
2046443
5506335
8617277
24210559
75599591
61230387
8972224
52511278
88312137
24184101
483793
11586493
40296718
109747991
45624442
95605155
10183
96799894
9811569
28693932
180566
92006070
27122096
109699064
95705462
74430949
45952877
61930040
89576907
14420972
60734711
9226998
98646087
75137323
96815841
61020330
61476764
24204584
52154316
23978384
8139737
346936
37008936
72727385
10553559
95573945
24184066
110566498
45533619
8900850
61221366
37670314
110627391
26600222
67164049
49611885
45694401
61300386
48530700
109878552
23499609
60795499
88070252
96445463
64956744
45455517
1265924
69903
29777881
14301239
65411529
61176485
60742096
24204546
37490313
109392628
74701568
45624507
65459829
96924301
61211339
17359499
32967882
60825494
56306777
75224989
61612791
45652518
109318516
75146332
10404072
22898604
48221779
97304621
72785687
490960
10430119
27017491
8504894
24193034
65338850
74729687
60839515
60679485
65745650
44075716
50897686
8542513
65713532
15282980
9450107
61533521
95719623
95580025
4919338
49611985
60754542
85301817
24213484
111348436
8278851
102082306
51722624
29320865
45663737
23978213
45533611
24214857
262155
111229944
74404531
109331126
69025396
24210523
14346918
60825355
97650168
63930
9269936
74946900
60824658
98534691
113498599
60741126
95720650
61564681
27271685
116923168
199885
110485794
95721858
13379976
74705036
67159550
29782643
29316495
43364373
95261762
154316
110489595
98565703
60827034
96794177
28943749
52129703
37686690
81817836
24223623
42088346
97195644
10393469
9609903
61197425
60646570
111338520
61473338
60740179
24190789
97173737
61434382
29726
113572051
9227000
73215864
29777125
73316273
98550025
21410858
75124929
9643989
9095930
75009
44751888
24193054
16330612
97933623
61189309
77718011
97071447
88008172
110102689
28584732
110436274
93885312
28411897
74705128
60824436
75146202
62070772
97249065
96749412
49611967
44444346
121864
97276892
24184629
4573581
24184598
19953962
62144721
2034222
60794890
74836979
45455515
110569511
61426553
61006935
24184628
45533624
37339462
73143960
21411252
10637232
29777494
24213491
61653465
75723019
24205634
2307093
74701636
26298968
90199532
110769272
45533568
24184631
61033240
19973669
88415670
109648446
13604595
67492297
270191
57429758
72405023
37490373
9782695
64949936
73180995
95795547
29356141
35482138
74704922
61836059
74701400
62209743
8948450
113641040
95542999
49611981
3650012
29303426
2990971
61373568
13410503
3957562
60646660
24185593
53214381
32984556
73190942
122704335
96525514
24189027
37490319
48938152
61139730
102069965
76640033
514124
29778191
30686755
60824966
497383
61615705
2039341
53530856
98564179
45533580
95568228
97176020
73143958
35516478
108528263
1256943
95640743
557108
61137243
122344292
8639907
28543341
76618337
60737806
48225984
109461987
32880
48218218
57564904
75125073
98470227
10252535
109657664
291889
48225797
32983584
109341393
95324
24218201
52670526
65478890
56928319
75084695
57447585
62169107
4483420
61027758
60741773
5378352
957080
61837465
10308698
24183609
44810390
62200162
102538188
255796
24185474
8996023
32983291
13396619
35680016
36291501
89847964
61973701
65432217
45533633
24184800
24183594
190530
374689
3336835
61892959
44603664
95578069
497302
75537131
61349644
76642075
73413603
111348437
9929
98051589
2072789
13810137
65486380
114433257
44241049
32985375
43970052
24189035
9450106
74704927
61357738
65430525
61832094
9553499
60793402
65342185
98012
13334088
15113166
95672603
13526502
97251105
24196172
74701425
556639
10533501
9943420
8256091
48229735
60959468
21407625
9226997
483598
5367516
556071
61549830
24189976
110430137
10465730
72826856
117007109
48226919
111396613
113451484
75146143
73985283
74701644
95627262
23254483
8900854
24190790
72767568
74701653
43045057
111352151
103880412
21411940
217533
45891131
110438493
24189978
24188997
111353252
61178500
95754539
95787525
60764296
110481265
15184276
103713549
60833405
10549642
88703695
36831214
24604041
2285444
98494904
73381548
61373527
8233226
514132
37490312
24189980
9248743
109815932
95561632
65432212
75643807
75923251
35915679
65330657
501109
111396610
95567604
11628466
72388795
3526712
58224904
14929905
26600361
554080
554611
34214380
89079498
61440825
109604355
244189
72721683
74207785
24204575
28291548
715472
62106371
29778100
11399
76327662
62034474
95697481
24196147
96813442
62044203
87450368
9346164
24785866
19958094
60914800
43895787
60795464
75226266
65434987
15011686
4478020
62055520
43043311
75069711
4523225
35261349
10429247
37342451
61640085
110401100
24193040
21406099
30647198
8948453
61059411
74932712
26588462
44605640
96678945
11649
60830702
45652520
35336398
10774445
61502499
109754422
95553826
9106838
61169649
60685392
6001552
32987547
95682480
86881759
557163
61190975
96438802
52675625
102714748
24189014
45403425
35803032
24193039
61528177
45455494
65387956
110566129
60751108
61222794
129129
75072392
61516576
77722813
10526740
45403422
77429871
24205625
75612648
61668145
113394230
63914
61914404
32702688
4481713
98563238
110422728
556641
37736312
74701505
97223037
110566894
93844629
67140068
49611959
74701492
98017854
61969118
60657178
60647364
46383280
62121438
60845797
81529307
3667358
93532327
109647726
10559178
44678108
62612267
61620602
61520531
60689400
15778156
24591122
29777137
15303571
109461979
122329841
27474697
73341155
40293203
60751175
61347055
96123195
110550276
60683303
95797000
13985538
60824387
50754178
60999691
96942447
30649000
95593502
60638249
60689442
97174063
14962003
74705053
9854572
24185183
10287699
3507389
61096867
35514402
10376107
61225542
62197791
98100040
30508027
55060874
48228880
66090602
14916279
74701544
95618091
45144858
9380923
97543490
121841
26523279
49611886
61833322
95543024
58227944
60825358
97219187
3327835
24183599
191806
49611898
29779085
34977994
30649220
24204578
67038698
36323415
455664
109323176
61123322
28420472
95676285
36831616
10597117
37770221
10192058
97024393
61969116
28570926
111357892
60705340
85052
32686670
34212412
9259195
60752622
65735055
51274919
8074531
61475858
113390345
60834685
61940662
24214378
98368531
45533641
21515663
61443646
200996
62085100
110688581
21412332
9030931
24204555
109769213
14622858
24183590
61045349
113390783
281281
96526698
23980842
8710220
60794763
10123824
49611895
96927744
96584568
95592985
62906680
60942765
48218067
8504898
62783584
109799155
61036735
24205650
9530499
19624605
45533622
9139891
113455394
57256494
48224630
96897988
60824000
3037371
57476594
49300068
37700360
713735
113567829
98015127
23978299
40296632
61337523
65403739
65495603
9139888
75081247
24210558
57104987
9381301
67030953
41894193
44290320
109590402
28291464
61045353
9632617
37767698
95784025
98231800
45624501
60765082
497048
75136567
61368651
61299792
24193074
61065493
17239920
60809111
10601511
97204571
61659350
96874290
61863308
4912573
96819654
24190011
61530509
9280667
112726216
44606010
17229871
35497677
110530543
29362478
61573602
61029188
109329596
97297083
72076
2035974
95671838
96320492
24193043
73138397
74701601
67967052
9194218
9380922
98136197
61824291
8305562
109461977
10160953
508489
109610029
95710765
96639762
77412307
61981393
71064573
2955857
23139284
17653
61569267
21395569
65398471
95621522
4650543
61534827
65389377
113572488
57475043
45429654
29777792
67173828
37441812
109418850
87989096
490685
61209560
60762137
159590
21410490
61563017
10820652
21407391
11623
98187238
19980168
32789804
22900731
74070504
9084996
28720228
113120342
61332143
55734477
61202135
61059409
24204576
48230575
75228596
61374113
31286
10236173
60831556
60845301
60847148
65460453
44751889
4933837
29317904
24185490
77420178
74705141
61165490
61193660
96811919
24189001
48228872
62085097
61540278
62038499
24190800
61520611
92985639
74099166
29779311
73462810
61117638
128261
90923209
48228018
45533615
127293
61363112
41809713
56137
51717704
3382214
68905601
76645960
77720157
62085101
24591121
8782279
61520690
46090347
37490364
60681762
98551467
61593990
110483845
75132363
57456921
110784787
616466
44020753
9095932
58601402
61588496
60827531
37686684
61964058
64811222
61033321
8233225
95707663
61499796
289533
61568098
65703476
8924676
61846379
102538430
43318785
110530751
30687826
90374062
58808110
36242808
113613819
42180698
21410275
24189042
45403408
71422598
508721
59053488
74888891
74729700
39188604
29774370
32476479
60748796
69356
8924673
110476398
74053197
60638236
14087400
60844841
110568194
113474563
23978174
96869520
32936693
109669883
29285171
42222243
87668405
570102
60705894
57453243
29778830
8256097
98476573
111357241
112725046
323207
9415615
58214631
75149875
111563693
64820167
8550049
24184685
75673183
72390741
45533637
61125517
61038201
45455520
60795306
24184645
44751882
24204556
75144613
84654931
9106839
111847028
14688404
5145319
99403
10635506
19430427
57575700
74207781
61568795
62950052
111761846
113446636
74032704
85667054
73463255
81810028
109412021
62013048
67497786
60793719
24185244
9139889
497896
60685500
61652228
19824684
44535612
28586340
44291494
13309717
5412341
29357759
14548
72790782
44694187
15509220
61835177
110439936
96894012
75069612
91707
28295929
24189988
111385890
49611883
84746937
29777498
18835
24205654
73104985
37490299
37490362
95679071
98048957
14141912
45663738
38773594
96340330
60925894
49039035
74701519
110567210
73975559
61840173
49611971
86002792
62349
13507957
8395020
74999334
97654606
91727254
98136198
9695893
60740999
60967716
111340665
9041797
61970085
61940661
36292768
27358193
62170357
24205630
32239298
33288689
61865504
90199082
75549159
24188999
72708444
57429728
85459240
85446821
62928208
28135564
95745896
458946
10559434
46307614
98492064
24184775
92923856
61411
32971107
93713717
9063344
96637456
10300585
164228
9172407
9084997
65473321
45695547
113395087
32822974
97974329
24205652
49611987
61006913
21788145
75152619
53617331
88888943
74704950
110688643
37662846
313043
11411053
24184633
37871784
9183278
9294310
61818648
29778839
95627263
8877320
94102601
24191362
26556860
26590548
62108192
61233512
26054274
24222279
60639699
10660057
58181496
24184799
75653163
8594783
456110
62129613
74943130
230985
22235028
125175
24193046
98550472
86875069
26483351
61338380
109461885
9106844
28291606
115040093
11409252
61443868
60798851
73381509
74729685
15329888
216635
96739269
9346165
61846316
16023870
87790900
74927372
10294693
29778568
74705152
49611912
60823075
95716245
2285227
72737020
4521613
51242491
24206860
32968373
75083247
61874856
8829742
61387793
3035581
45891130
63053
91588602
75674508
97304783
23978222
292309
27271689
287952
28601518
113485974
52324499
24184031
21404522
72737021
97222982
37651621
10159470
60738672
98015161
35780600
18967472
9438594
24210527
61180582
113451791
29777104
60795617
306470
29785103
85899568
4912541
10288523
76620887
64956365
113466982
61190968
98168263
9237701
44784954
25936928
10133218
72737129
60845759
109346722
97169866
113468393
32867601
24185828
88311908
73139236
4583723
37552841
49611966
37490355
29778192
74705079
19545
72823202
57444953
109798319
87001821
9495995
14271921
61534841
61240689
4541709
26668772
97179563
74928250
42597892
15578969
60998345
112710258
477517
61304717
110489599
10422356
8278858
61833389
57438760
80823
10465680
61836825
113641000
72770489
98473150
67033114
21377833
39187213
44751878
10004272
74430740
5513719
37550921
44751877
11430606
97650166
76621940
61602121
24189013
66738744
24769739
61851671
75590518
24204568
109355874
75073333
113477028
35886752
74701682
50079862
49611926
484769
13621317
111340129
2589790
61146987
72416538
45683062
79068
44810387
26951684
62134286
53511842
61387783
49611894
109611758
96817728
89293819
57477788
61476775
73094199
13957706
98359325
24204570
110565637
36835310
73381517
24185551
112725732
24193072
61846387
9301559
19748813
37490340
29778455
24193069
24222003
37700358
37670308
111339724
75149223
113567003
61008433
94215268
61364337
60826819
9312446
57429144
81433953
36274566
1053477
91359
61082782
8256095
144821
102085782
24184603
93303444
264609
57175683
17475562
110450173
14671378
61833369
61619721
110546188
84551240
98431150
30508026
74701608
61680912
28705886
110547663
20058057
32239299
56497603
13943644
54945059
45709676
61171682
32034140
122340187
103876684
62046202
8346756
48228885
111287924
5324199
97974330
74701408
23948557
97721361
61784924
61839356
102087199
8483340
46216597
27017500
2568082
48230483
98551186
110567873
9227002
23978367
26589776
30774605
37664192
48224118
95775425
37662856
61459492
128530342
84575213
10369597
92484546
97647858
61244134
19313161
61263752
5471614
61359848
92676103
62155528
29779461
27471710
24205623
74152259
24210537
61156424
61356575
32982815
37651067
60999934
15438720
24214862
61591271
60795129
32877264
826801
24190002
74701701
61059418
95713730
32985179
109615084
95610372
48945571
52356065
95661815
85891129
24540187
109461959
97240347
62113004
61108841
37490309
42016769
24189017
60647773
95680341
37670304
497031
300213
74851731
73187974
113143648
98477031
83689360
109461891
102088170
29778661
49611891
109764101
29778943
28580646
61842204
13077231
75143504
2285245
73518115
61607528
8924674
35769182
60832819
9919510
75808397
65691473
26592365
24193041
65769042
24189019
10287510
24184614
60758686
74705100
95757111
29778598
24204560
95614951
98413217
109648432
61681789
98249435
61506680
64904194
48767521
4521813
24769487
15232898
24190795
34445817
216636
73341060
74291420
35903510
37606171
8806042
45455527
61542131
24222209
37552273
7862347
4417398
44602941
3047011
74701451
51349450
61840170
61189372
24223902
61330614
72384836
61065436
24185572
110545186
45891132
48767530
21427908
73190947
19958095
74705062
27748941
61076479
24189036
74705014
109615509
24189008
129153353
65775576
109745721
50354021
57911443
113477642
86418972
21105998
95704014
28190524
75144336
57453245
74895599
8996021
24535281
110793781
65479046
75137265
8853754
61278791
95779927
37668019
88455418
61295249
44019519
24203513
9587353
57528020
23978207
24185357
97521482
95568979
64957147
61089217
28409389
73215879
9056049
110622431
9674045
29777127
27266045
116922211
29778954
74701469
74701487
44602923
13895765
60737084
61244422
9818690
10159884
5307362
95732695
14135779
24189037
61042343
514299
102084224
60684316
714406
55078
110437679
109823327
62958960
37490336
15842665
556640
74705002
717459
94544404
95774903
72797401
96811918
61165464
45403420
9681277
175760
16375533
37664118
110777182
112731356
24191377
30916174
58227336
60736237
60820645
61497162
62612187
10465676
57559199
40296728
69607
61227312
19931122
4512799
60992273
9095931
10212146
110595705
65752918
61136826
62197580
57467840
10004271
23269060
24183592
21415411
62066904
28693931
41730170
49611974
95754195
60824848
9782693
61187970
60736670
61357023
362671
75235518
95377498
90331
97230530
22898561
62170358
97216567
61031686
114451867
28601627
41961079
15232982
60794865
171237
65439530
24191371
122560004
97154173
75125152
51025957
45891133
79850
138190
109739071
20565055
13406847
74701398
61113762
95694348
110628527
10295152
85903569
14630332
61214887
94862083
29303945
110801780
22837076
74705136
43585970
32982419
49611888
94230541
9681279
61311278
61149480
110537066
37666228
61298718
72402878
123266
98049650
61339868
72383626
68012163
72797400
44986867
44751885
110776303
84234146
10465735
24831734
35468193
61836562
144748
24210547
301930
20481594
4907356
61397374
76617635
89848315
60840033
82125518
45533582
24189022
74701497
71732224
4444166
9655358
65483892
10178913
96434140
49611980
19444668
110565682
98572080
110689496
123182260
83833862
52794576
74921144
35893823
16497402
113475691
60823167
67173090
26572341
34984173
9564571
11441401
20482479
24184953
67030234
65433225
10520538
61374968
114804031
58601191
111385888
73143996
8256100
252176
29777754
291881
76043451
111339286
11422398
65506059
98464330
58598788
21412188
58804869
110423676
73341148
9139890
98071203
5368735
73215882
49611957
15855
2064681
95607220
9128911
61517127
10740795
62209736
35491491
9943423
73215861
95790468
96711818
74140235
113454525
57600601
462635
10004268
61229643
65414847
3180009
9227004
72764708
13282544
29777882
21883284
30852447
21538567
48216574
68011270
95570247
30916172
113457415
11586501
364155
61937767
9782694
19501054
2791027
45884433
62038623
11226906
96848188
98007843
74738610
556644
9621291
5416690
29778649
109646968
37490371
61101487
97830240
60686139
98564134
17279454
95632968
4511000
10492616
60806048
113455857
57517787
74705153
10242380
109753141
97386922
48220699
24190803
10709419
95586215
30595
19060755
9074125
8395021
21411030
77419729
213353
99181
71049545
1544082
42699464
57503721
97490988
41816346
51025991
57465501
14345023
74530524
72716605
72419239
73196591
24214371
43928980
109461969
75144748
35998075
65159225
61083308
7862385
4573634
74701632
35785372
9259197
9875787
61833954
110483239
24185272
37662845
61892956
4925142
75069938
9369495
61447435
9074128
9346166
109346073
111547803
14261840
97933622
32917311
61905830
112729888
95675213
109588873
10384697
8187651
72692882
10159468
10276893
35801822
74701594
272334
61280101
30801423
61114416
97232890
111571160
32984540
62209744
109461957
61181158
61981395
9403935
62080830
84057009
45455496
98264198
66424539
45533646
4523227
96848190
4935154
13258004
80934870
83928154
12835
9216034
73461669
24191364
29777742
24193052
24184065
73931363
589230
113641008
9598561
9248742
61486949
98474509
60795531
97650167
74705023
3498431
46307613
44810383
44260455
98485609
24191368
33290612
27029200
83205245
109339134
3873404
15876326
14492756
73180992
111411740
113050379
61516272
96813117
73461469
75449585
109589799
8639906
61524828
109336804
9495994
61838590
556642
71049269
31140554
26517092
111355534
795666
65329510
45533628
11570657
27029216
109581
24218553
13054
35599790
93974619
13283108
57619426
63476
24184061
23978172
23978352
74738627
247442
37490387
24203515
24204573
73104977
22252428
3871126
4929288
75590573
95546629
98280645
32983864
110698633
45533569
37664229
24184612
61340583
109754389
46344523
60742082
74888474
29778382
75154086
84954
484018
68056894
10181339
9063345
102524153
95743666
113057652
52676864
37670296
110784791
97546793
65503853
57562308
26573389
390901
62174835
95667105
37664783
97311617
9150865
29331884
97235338
9587354
74704909
109331967
97169609
60795140
60845765
37490342
16387352
82130320
10487422
508134
37490338
23499236
216783
91124655
21105867
15038174
95718748
8278855
109924965
96046900
24751520
21503665
37664117
74895996
75145766
111357895
75145647
30774913
95263547
110476182
8256098
74701577
63323
8550054
61832227
42691452
243079
28575954
109745607
11632844
9226999
57459016
75125011
9132424
8099
15154121
60845092
30647508
15080531
8550047
57395638
97483390
9564381
23345926
34526200
96527219
83854
74701538
74705131
10572614
24189039
98239
8187655
14823175
61091971
61981396
54983569
10763620
191218
716663
10537893
98104622
28291620
61961275
13409861
37653309
52356023
29781842
9150864
30985687
65429788
109372177
35807674
44603549
24204559
15889264
57455267
488838
71045435
24193085
61831506
31042
110485050
23978252
26550509
87930248
62108189
24184604
22899022
60833776
637333
60758665
29777134
497442
48909272
10710645
75146064
29303944
482133
76546752
73573179
10465727
9943432
61089599
30907032
69177
24203514
61394414
111333315
61559603
61336385
29775968
72827064
57446409
67493769
111349894
24184073
73341104
24191384
62098736
97474928
61226084
97104976
115290148
61996234
61863473
9782696
14504939
61053295
60680759
37490300
60978928
121631
513810
74705017
60641264
109657227
62168042
61512711
75149889
36133155
97176387
37655177
81774
68015474
5381906
60639510
109732830
93956479
24189989
62803516
35887299
14627349
15578497
65687857
61690249
514265
161709
49611893
43940793
48621295
60803830
11628546
61117441
21169891
65534969
186621
24204549
24184059
4483421
24793082
24193057
32917420
44751880
24189977
57489008
72083314
61226105
96646986
61834428
415700
74024585
97650170
5412592
34980663
25467111
95621259
35768750
61450605
84554923
209836
9979599
111522130
37339078
60998869
97297228
61093861
29777900
61135729
61846375
97236700
26542362
61068857
220973
265944
74704958
75597253
30988592
61381183
9874
16451170
97408995
89033572
37766918
61892955
57498350
61000859
9019849
73381550
60820438
96929793
45455540
96527278
93570829
62074812
24184766
50217574
9041802
9095928
61468520
60738762
60658585
73190939
41212538
23365568
37700362
95662238
21789836
10582763
57476175
21513885
60825567
67033889
95560221
61186611
19292726
24204557
8972225
13750089
60827066
36809971
24184632
21406753
17982578
61033537
72763662
75150544
28580061
9216033
7844113
70688
110488707
92170642
74701438
15227302
477514
21168829
28467164
9609900
9979600
36830504
61066056
65711433
60972280
9237704
56493440
37490360
61038894
52175568
61220558
32927164
44788881
5357479
1293993
102538201
32683094
2955855
57608568
45455511
57535985
24796331
249424
60822458
29778342
109704477
61121851
65758104
61387807
53615340
61559208
216752
19953385
58181199
40195576
85894779
60211544
60764472
17617959
45884432
74701526
71732888
9117844
62134281
24189041
61838582
13283059
24184622
75003484
13426516
61707681
12955471
89454245
24184810
96524522
65496130
75738742
61551300
87246006
45533645
24184075
53530949
40293308
11494248
62134280
60610777
75449586
85978756
74550696
95751378
65703607
113387717
26529818
45533570
72776032
45533631
49038035
61315041
429103
97297210
10775759
32984909
65429787
81552318
26526478
72815399
60797571
18980617
65346251
8972221
45652522
73341160
61520658
60981891
45604787
23979026
109360250
9392398
23499385
60845754
10709562
65425922
95757806
21408517
37651605
24193038
24191374
2025238
24190794
45652514
14214130
61682404
37084804
9128909
61859637
63474
98426754
25935435
57549608
97549967
111357768
10816306
61244175
74705120
61949545
32752063
111586102
61583720
95766273
111354693
62027225
48228751
61277142
26592043
9964043
44980853
61220446
110469245
7425
29778808
72398428
97230877
9346161
60738642
8278854
24189995
110483916
10563832
37700354
97130278
8924675
30786545
75069777
13835344
83788299
73190950
9161606
61506734
23345896
72691805
27017489
8074530
55432946
67877660
21267101
61135133
60815089
95543753
91223154
96745543
45709670
61059408
24189033
24213475
70099
28676138
23376795
61169304
97654722
58784635
26553680
8436731
95761943
61347669
62012318
2084760
73341172
28291547
28604486
98453248
9530502
8210348
75069829
96437109
9746598
4473568
8572424
7250
60998925
88082358
7278
23978405
8436727
48226591
21159480
95567917
75145649
29779380
74008903
60658651
24784903
4929682
28958
57550102
49611977
109648449
97931156
8662424
60657179
61362718
111396615
10465729
24190006
3006543
58815235
490925
73520256
61277952
37664424
17565
67155165
93042
37490361
109474415
67034270
477519
53214361
110628552
24196155
128916506
57529376
72417107
9216028
4911829
10294489
37666257
25393664
112015645
74705087
61493424
53617332
48230184
68904429
4944444
52337193
110417546
44627002
60794731
75148627
35991277
61630329
29778018
5145768
24184673
61394983
60738584
95627927
23147986
24185801
57470527
98057280
115243379
14943801
71056883
10620247
30813630
67037
60807500
45605262
62122201
24189026
111287925
76531923
46194114
48219710
199350
24218639
90969
61528183
62046203
11274597
68024367
97933619
29366537
96438798
122344316
61226913
44751884
24185020
62784576
60822703
71424848
24183607
92380292
36853761
109325196
61000913
62044202
15097414
23978531
29433607
60748470
62015624
110795891
60758694
60795503
52163064
65432125
65423819
61684727
61531119
75145526
95607457
2892043
36136613
13539644
237014
32758326
9695896
205674
75144746
26558173
62209735
61794496
61235242
32867509
65330282
110557791
88411701
24183604
111543101
61969120
37164545
63003998
67492941
62146446
110466696
74919574
53608437
21423333
44788871
41889757
9979603
51035264
109461988
74701558
21613075
13938456
8996017
52369093
97046311
73104965
97114762
48219363
75125057
61499059
97474970
13640535
24256050
96871020
76597182
52924638
60826630
89432270
110570935
60994346
30916176
9197658
60755836
9117840
44748250
8686410
61858625
24191381
96745608
25939284
62177224
37670312
80538956
61836499
45533626
230690
207874
45709662
37670300
11421
2639733
61331479
74704979
13211338
95752124
35895162
19068224
61352779
60689157
97177912
96819652
331433
29774235
110566437
62773677
48308291
10131679
45210121
50353743
95574053
13409424
9380919
65703475
112726438
24204567
110628536
24213468
97224908
75086484
44606258
514227
73173623
87459155
109867868
95735634
9106837
33286787
62724
98086408
56802286
45709679
57429459
85381359
8278857
110777048
9943429
61969595
95596191
16787696
131532
10263634
58601160
45533644
128934244
10219813
24189032
22369637
60739245
20109523
65492853
73962534
61524840
26550414
287950
49611901
53184858
75004331
58183051
75085064
9066832
62971093
51233716
95593359
28190557
89266754
29777213
29779272
61383577
37670309
160916
21432103
56494029
77452854
55241
10387850
94282344
61846380
96817686
23979487
16402472
27001
43953500
5307322
42965301
114955690
28570356
74705084
61200657
61984665
48223149
95784869
98015163
44788869
74705106
72788043
9943425
24185558
65499005
61541680
24190802
52675699
37664160
8527311
60827178
90377335
60920362
11563992
73955989
37490330
109608894
60827181
61362235
9919507
45709681
98069444
96859747
57438826
60795060
113613917
24775847
111353307
109356065
94876550
61543386
98552159
51474315
24190798
49611906
72763757
42140453
20473622
9919504
113571417
485610
42408379
14978221
8305560
29778843
24183596
10436224
13926344
4516149
128913631
8074532
24210516
14218471
60683302
18546822
13582435
74026158
61068310
1554068
60998567
27729702
109372150
35099468
61381010
73196615
65487865
32686456
60684125
60645994
508372
9882801
45709664
83186824
62210098
74705026
95546223
24180601
75146537
28466784
72385886
95294672
95605771
61849178
60826841
9979601
10407890
24774912
98551231
45663731
13565775
74701617
97473904
73104959
90613267
10287514
288881
74337699
468592
60682236
61577307
75719699
72707536
23978905
73338097
24222474
453518
75149981
38774160
23978223
60740659
61650317
24206641
113573313
40275657
61029220
57395690
19036151
113450944
74547138
13786123
113460169
9530503
57301037
9990597
24185453
9301554
95679826
61552634
30914914
14328273
37162638
9312453
113477049
491763
109648210
556065
29774611
29777888
113451149
60845750
61940663
24839129
73094682
61970086
24210556
98068840
53311906
97207417
60793399
60820861
9695897
61534163
45663736
96813237
61477874
48766167
13082847
65436061
73467918
95650076
4482910
10946
96438907
76614417
75598016
167913
95727370
60845784
8436724
57557977
10609233
9963057
96957776
21415156
74846988
62159851
96528154
73104983
49611897
110793229
75152658
13538278
35003746
14659764
222014
2284659
98249437
44810382
109346780
62175415
50528097
15155953
61500438
24189011
24189031
96712629
96745780
113122868
44810393
26323746
24775696
18993958
61832055
29364143
24223665
45058704
61395532
4438593
11415033
9519040
97394076
97933621
2079856
2041237
45533642
85634264
24184713
23978357
110765800
60741104
49611884
62861761
53608792
96323212
77429880
98014955
62174836
8617276
29782731
61836214
61101771
110514935
45455516
61384341
24213464
97861
9438592
24193045
122331014
49611910
16824530
76600807
48220206
109617986
18731643
30182221
9248738
24206644
49611902
60753656
60965733
65495240
57459641
21407081
13673
62129611
95608425
77427335
60806095
60163600
16049125
26483843
83499699
9106843
9259194
110595706
95660351
13835161
120104
74704999
109647728
62146448
74999381
95635702
21407567
109602825
61297592
88118202
24210539
93572920
61034529
24210544
62950864
61515128
28291527
24184056
24204554
5315885
73341166
61211680
37664231
24203510
27122095
61387853
102524247
57446081
29779078
110547588
112725750
61098996
45623722
68813
388762
95724470
73254117
29777455
96438818
97121042
75250497
74999417
49611911
10574906
45455498
14218562
9993864
24204551
20142863
62210376
45455526
60972838
24185588
61606751
3684784
109797370
9063343
72639206
65334215
97482154
98247466
9150866
74701638
109610321
128923569
44294152
61981394
85262850
44992668
362505
10608022
61293206
61381861
74701667
10755410
110436372
5319592
45709683
74088204
92662
95669179
74704953
45623791
8527310
24184623
32983968
60750284
46307396
65424738
110483305
74072850
62966155
62793060
37653407
9019846
483571
24189007
45709659
98425476
95018686
61607923
3344128
97639997
44076089
62146460
58602434
61287046
24204558
74008902
61093013
8900853
27651176
83525809
61351350
61572207
9833050
57505778
14922100
3372956
75594376
9666764
7988566
30689958
5400658
61564685
37490320
35514456
35794826
92455424
88073115
66423743
61332179
57476595
44751883
74207782
67153109
61041090
73215835
61128581
60792468
25017
98065129
95785249
28409767
4283929
87134040
94339
2056480
57457586
190307
60824964
113447792
73104967
73451402
61279437
60648193
58670573
61209054
10030
9216035
110627398
61382452
60925975
32789551
28710535
10493857
60752694
24205624
74326167
113479143
10149038
88082147
57373132
24189990
10260980
109590001
61157280
716633
16027291
29367475
62418460
61947186
25945534
37664403
116937738
96837848
61306135
8278853
73338094
45533625
75148648
97878938
10596445
136376
57256726
31287
111538017
65381768
37552536
62966088
95570286
8877323
13166205
24185253
97396356
73215858
61221053
89224932
10364429
112726310
96852815
10203905
52677629
56496145
241570
24184924
43493190
65715864
26603200
30991621
82999590
65425154
57620053
9301560
75249932
73341169
26625410
67036616
21884064
62070768
60735172
73466488
113058571
21427364
61388478
45455530
76577383
43882542
454787
75144501
221617
27461024
62209739
24184049
17487
37490301
97118003
95620958
109816983
472254
60826886
76708293
30915895
45604792
3731094
98043536
61006221
97199532
24189002
13612548
61041134
4418802
29774666
26565362
62828036
9643993
111338438
115039812
9334501
67174771
97128881
24185643
61831629
60634463
98100405
24807986
95771044
37700359
310684
10493093
61039643
65396975
24193047
113458944
1154653
60922949
57457178
73215873
14065877
61332244
37342465
24210522
11452310
22837063
102900654
9074124
9237703
36670114
24184029
97199867
4899595
37668833
60803831
8550048
75146544
61533522
4912868
94124562
27459007
57455100
60826565
60824531
60687203
45878001
10508842
13226428
60986955
96457880
61099076
51828590
49611979
21417180
66614
65429455
4946703
61833798
86236
34980665
45884431
483891
44798088
3052570
119303
44116072
60794801
37566786
61193147
61120568
13872
9789943
15299001
2009868
9963056
61835514
2955856
60748485
24222011
62876854
27122103
60853772
95545129
113472659
110626019
105453
97177709
26948508
15019863
55634835
95614994
502519
96794143
61006686
37670315
75084867
67176920
9194221
97167563
61839860
28189545
71058755
61290235
9172402
98206846
24185267
75610631
491308
60614915
513831
5362309
113466281
24205627
73341120
94191260
61569498
82181562
113446947
7911271
28562834
61382432
15477150
96519507