70847
10030
10498079
4438593
29779272
10498081
8305559
24187931
30687826
29779334
3667358
35807674
37666228
60823167
61108183
3152632
19953385
67172065
60853772
61082024
35523171
24185492
24185490
23980861
25945534
61973699
61973700
61973701
61973703
61984664
61984665
62013145
67031193
74701701
76640197
24222084
24831734
60757139
60792468
61721628
81774
60215
99181
3482305
9058375
10542979
11284221
13824540
15122276
15842665
25935435
26945068
73104959
74701704
95703202
95785249
96942447
4573634
5484018
11591
8099
11421
11580
205674
74240
68403
144748
306470
202066
121974
265945
128427
4927536
265944
465327
284821
554626
4528759
552423
9194215
3873404
9643988
8139736
1221134
10123824
10004263
9695893
9811569
9216030
10189664
9205171
9301553
9564381
9811570
8877318
9041797
4475721
9609900
8710214
13859497
15585646
12283708
13077976
14691018
15358918
13211338
13768969
14301239
11634695
11281717
13309717
14889371
10542929
15749615
19748813
14271921
32758326
13565775
33823661
24203507
28680909
24190011
29779352
24191383
28291606
29779461
28716520
28570356
29777455
24193059
30776905
30804938
35784814
30687871
28706862
37686684
29325035
35802278
24775847
21411708
24189035
24223648
24184599
24189978
24189985
24189007
24223623
24184624
24189041
24189042
24218639
24223730
61121851
61225216
61225911
61388535
61572274
61583720
23621777
57459641
45533564
61138924
58601399
60682236
60687990
60689157
60820188
60820784
60824537
60827531
60829295
46307613
46307614
41233075
61108841
61090965
61095778
60735453
60746663
50217574
52531546
98646087
102086369
61689606
81810028
84994705
85051421
85899568
89232870
91835907
92484546
92811325
93532007
93575475
93746230
94544404
94786747
95377498
98431150
62132980
65429691
65505511
68905601
95570286
95656033
95693663
95707949
95761943
95764636
95934129
96435322
67157048
67172392
67177436
3031394
75207
10203905
4369409
61339172
10027278
34526200
60809111
61035662
61038894
61054801
64829354
28291464
77421712
95775425
110478002
110626019
4907356
71826
79850
25017
123905
121864
1616
618585
116452
114129
94339
429103
514014
477451
205473
490960
618582
163304
110511646
110514935
110515693
287157
4929682
264609
8187650
4912541
7844113
8074527
248012
8256095
8074528
242438
248052
270191
310684
4911451
7876663
7862345
7862347
7862385
4911829
722304
4523215
1876467
3086062
4531363
8900846
9161606
4529964
4554367
9106834
3327835
2589790
3957562
1769989
5145353
4541709
4541712
9106835
9269936
8782273
9322922
10238595
9990596
9655355
10004264
9632613
10386704
9782692
9587353
17930393
8972218
16812878
9833050
10411017
9609901
9854572
9019844
8572420
9847422
8996015
14548739
17982578
14504939
14054992
11621969
16120185
14583917
15080531
11622093
14284126
17930397
14357429
19916978
15778156
15392872
15090190
14721624
15303571
13910952
10609233
11531780
11317303
10547604
11415033
13926344
13406847
11494248
10553559
13710944
13652145
11226905
11671802
13299627
13729952
13258004
11542930
10520111
10710645
10430119
32677626
30988307
30911688
30915895
10487422
34445817
35514456
34659146
33290254
30786545
30798701
32686847
32994814
32994815
32757390
37998543
32975844
36776908
37686685
37700352
37490299
37490300
37490301
37490302
37490303
37490304
37490305
37490306
37490298
37490308
37490309
37490310
32809613
37490311
37490307
28190524
28425141
27454068
40206843
28291620
27531432
38774829
38774845
28190423
37651590
37651621
37654874
37766918
37767698
37871778
37700353
37700354
24774912
37669025
28409470
26467914
26464498
29774224
24794000
26286534
26464576
30647508
29779117
29779380
29777900
29778890
29779440
29774235
29778191
29778568
29777741
29777742
29777743
24831547
28604565
28604486
29774370
29737606
29303944
29774645
29774991
29775959
28575954
29774436
29774854
29774611
29774666
29774509
29331884
28716065
29435741
29775287
29317904
28604469
28542338
23979026
28604571
23978299
23185460
23977942
23978012
24184056
23980799
23978265
23978252
23979139
24180601
24183010
23978222
23500000
23894615
23978305
23223174
24185272
23978532
24184619
24185211
24185271
24187930
24184659
23978529
23978531
23978291
24185275
24184950
24184795
24185273
24184799
24184915
23978384
23978905
24184944
24185357
24188996
24214377
24218553
24206647
24222003
24221897
24222005
24222101
24205645
24206641
24222004
24221885
24221894
24221895
24185752
24185896
24206664
24222224
24203514
57395690
24190797
24597679
57383648
24191376
24190012
24190796
24190795
24203515
24214378
24196175
57325049
24214380
57373132
24604767
56497603
24214379
24189993
56708121
58182074
58185778
57565575
57459420
57444527
57567579
57443866
57457142
52368578
57557977
57567102
58819705
60608406
58810764
57564904
56390928
57428504
57428505
57455100
57455267
53610852
53602106
52739803
52369093
52369227
49611888
49611889
49611883
49611884
49611891
49611892
49611893
49611894
52320952
49611885
49611886
49611887
49611890
53530856
53530949
45533566
45403408
45533565
45533571
45533567
45533573
45533574
45533575
45533568
45533569
45533570
45533572
49611895
49611896
49611897
49611898
49611899
49611900
49611901
49611902
44788867
46307405
46307396
48218220
44810384
44810380
44810382
46222796
44810383
44810381
41588063
45455492
45455493
45604787
45604792
48220283
48230112
45709654
44784953
44802133
44603549
61005372
44258998
61077783
61123322
61128517
61143077
61152328
61090133
61069704
44606010
44810385
44810386
44810387
44810388
44810389
60972791
60972838
60994850
61127395
61157872
61159516
61180582
60793399
60813042
60815089
60820094
60820438
60824387
60825355
60803830
60803831
60806048
60807055
61182154
61209054
61209560
61209457
61181158
61156424
60793402
60736237
60738584
60735172
60793403
60826100
60827232
60837675
60839628
60845372
60845730
60845737
60845744
60845750
60845754
60845758
60845759
60845762
60845765
60845770
60705340
61382432
61383577
61384341
61351350
61335586
61339868
60740999
60667641
60678980
60742399
60750400
61331479
60750284
60750287
60741978
61340238
61340583
61346775
61381183
61304717
61391009
61309741
61244134
61244174
61244175
61287046
61297592
61227427
61235242
61240689
61572207
61364026
61364842
61368651
61286310
61374113
61363285
61280100
61282338
61520512
61940660
61940661
61940662
61846375
61846376
61846377
61846381
61846382
61846383
61834428
61524438
61559208
61716734
61774734
61794496
61836059
61520690
61951644
61503648
61996233
61996234
61996235
62023433
62044202
62044203
62046202
62046203
61930040
61940663
61996231
61996232
110481265
110482438
110483916
110764836
111264738
111266167
111267059
111338438
75534976
75640306
75723019
111339647
111351826
111353252
111538017
113451484
113455857
113458827
113475691
113480895
114451867
116941698
122779393
128913631
128923558
128946903
128948538
73985270
73991598
73992386
74020967
74024585
74326167
74369069
74799423
74832008
74846988
75069938
75072403
75125011
75125076
75129731
76298418
76531923
76549293
76618337
76618349
74701641
74701644
74701648
74701653
74701654
74701655
74701656
74701661
74701662
74701667
74701670
74701672
74701682
74701695
74701698
74704903
74704904
74704909
74704922
74738604
73143954
73143955
73143979
74704914
74729681
74729685
74729687
72727509
72732867
72798095
72803330
73066068
73094199
73104962
73104965
73104967
73129340
73129341
73138397
73143953
65468915
65478890
65498436
62132983
62132984
65325654
65338850
65357093
65370002
65406853
65432128
65461786
73094797
73094877
73100114
73100127
62134279
62134280
62134281
62134282
62107586
62134288
62170356
62170357
62170358
62108188
62108189
62108193
62132985
62134283
62134284
62134285
62134286
62134287
62098736
62106369
62064444
62773677
62792315
62924228
62209735
62209736
62209737
62197580
67164049
67164379
109114122
65653737
65653735
67889111
71049355
71054364
72396802
72645924
72646019
72716605
72717373
72717441
66424539
67032814
67039262
67173828
67492941
67493769
67496865
98073590
98075774
98077240
98174181
98176659
98195570
98309849
98413217
98415006
98417774
98423774
98447076
98454194
98456671
98464330
98506641
98551186
98569648
102539106
109315584
109329596
109342818
109346073
109346780
109418862
109461910
109461977
109461978
109461979
109461980
109461981
109461982
109461983
109602955
109610029
109615087
109615308
109675221
109676691
109693974
82125518
82125922
83689360
109461984
109461985
109461986
109461987
109461988
109461989
109732825
109732830
109732877
109769213
109798319
109798955
109811105
109815932
109908188
77720157
81433953
94285334
94876550
95261762
95543024
95543278
82999590
83695958
83788299
84234146
84551240
85301817
85641923
85692412
86221632
86412627
87591010
87677008
88007746
88334642
93844796
89029384
89847862
90514484
91223154
91529764
91842148
92409051
92658212
93303444
93311891
95544178
95568656
95570247
95619963
95621259
95622137
95632176
95635918
95647482
95650076
95574053
95590151
95607220
95612428
95751667
95751766
95760553
95776461
95787180
95793670
95795547
96598531
96750719
96924301
97118003
97121042
97127297
97128817
97130278
95568979
2285227
2030616
3442771
2999336
97186489
3684632
96942938
97065775
97101921
97104957
97104976
97128851
97128881
97173737
97177709
97206306
97230877
97308270
97312762
2066424
2018877
2056616
2074097
13246075
13786123
2955856
4454328
13810137
30687786
2955857
2955855
26470482
27358193
13474942
26470414
3037371
5319658
13539644
13411360
10466603
10493857
10437318
12984457
10465675
10465727
10465730
10465680
10497293
11409252
10465676
10465679
10465681
11586493
11586501
11650008
10465729
10465735
10519304
10514899
10533501
10637232
10569274
10582763
10637222
10578024
10524525
10655153
18993957
20011976
18993958
10585236
18983953
10574906
10535988
10564328
10564329
10575698
10586898
10582764
9381301
19051094
16824530
19068224
15113939
9346161
14765402
15157592
8710215
14671378
14301297
16787640
14760880
13976237
15232898
15232982
15509220
14622858
14060530
10204539
10415764
9697267
827033
10392495
10409551
10236173
9695894
9747966
9782693
10393469
10219813
9553499
826801
9797107
9854573
9875787
9943420
10384697
10384669
713870
8210345
217981
8187651
218133
4553205
216783
4912868
210767
8300591
4912573
4925142
220973
4927049
4912551
1244216
8483339
5145319
8074529
8256096
222047
572592
221617
287952
284412
570102
249424
314199
453518
281281
287950
288881
269800
261829
346936
409687
368421
362505
362671
371303
63800
68151
514087
50312
59478
63930
79128
191804
191806
514265
190530
69903
514288
455664
589141
454787
557163
557108
557112
557124
86887
90969
120446
164307
30183513
30299643
29778839
29778649
154316
29778652
29778674
30774911
30774913
29778898
29778928
29778843
29778661
29778869
29778672
29778770
28420096
28677860
29778948
28536233
28189545
27690768
28586340
28677859
26565362
29779085
29779107
29777269
29779108
29320865
29773971
29778954
28291637
29777336
29777607
29777288
24598682
25070777
24748421
24598402
24597954
24598283
24196173
24204562
24214860
25900381
24839129
24222015
24196153
24190801
26556860
24222013
24801800
24804825
24834569
25945647
24185593
23978378
24185572
23978352
24185113
24185503
24185733
23978357
23978405
23978298
23978363
24185870
23978367
23978907
24185439
24185672
23978608
23978425
24218197
24185801
23499609
23980842
24183585
23978209
24184073
24184095
23978207
24184042
23978213
23979064
23978170
23978172
24183596
24183599
24184072
23978208
23980017
23980352
24183603
21266560
21788145
37651605
38774160
23375639
21404019
38775308
23376795
39188443
38773594
38773595
37550921
37552536
37652683
37654130
37550396
21406134
21407625
21395568
21395569
36911351
37084804
37197843
37438349
37441812
37490312
37490313
37655177
37655329
36853761
37668019
37668833
37947110
37736312
37668016
37566786
37664166
37664201
37664202
37664403
32686456
32742188
35992747
32969132
32742178
30917607
32750798
32967882
36478715
35794826
35895162
30813630
30988592
32702660
35003746
35491495
34214380
32054699
35501914
57566885
35493289
57559390
58181496
32141802
32994795
32994851
57457178
60639510
57457179
57457300
57457399
60601979
57569042
57489008
57489501
57455240
57444555
57474545
57434119
57444397
57444953
57444955
57444957
57444564
57457586
57474731
57475433
57446081
57453243
57453245
57444539
57429728
57429758
57301037
57376809
57251410
57256494
49611907
49611908
49611903
49611904
49611905
49611906
49611910
49611911
49611912
49611913
49825918
56489980
50121868
55159611
56307183
49611909
53184858
51070954
44260455
52368632
52368791
52369176
52163064
52269220
53236591
51045080
52369383
52369435
52735772
53053025
51717704
51025382
51037331
53531029
41221499
43585938
44788868
44788869
44788870
44788871
45455494
45455495
45455496
45455497
45455498
44260456
44784954
44784955
44810390
44810391
44810392
43875943
43187887
41165523
45709656
48218218
48218224
45652511
43584633
45403409
45533576
45533577
45533578
48221619
45694472
45695377
45709655
43012742
45605154
45616985
45616986
43585970
45694401
45891129
45533579
45533580
45533581
61295672
61359754
61235366
61242048
61245807
45533582
61227312
61520611
61538289
61543112
61557063
61520658
61522940
61533521
61533522
61230666
61520531
60799020
60799053
60799054
60799289
60815381
60831651
60837564
60840033
60699602
60735501
60738762
60741104
60750480
60795464
60795472
61345845
61357738
61362235
60753032
61331431
61193147
60798434
60798851
60969888
60999477
61006221
61076479
61099076
61160740
60799290
60959468
61188063
61950928
61950929
62020481
61189841
61868093
61905830
61905831
61176486
61846378
61846379
61846380
61848712
61848713
61848714
61848715
61824289
61824290
61824291
61838889
61818647
61818648
61818652
113472659
113472944
113475353
113477049
113493997
110482390
110482750
110483305
110622431
110793781
110796207
111052996
111229944
111339662
111340432
111340444
111346784
111580220
112725046
113051242
113120342
113451900
113463414
113498792
113567003
75610631
75728278
75728281
75728296
75728298
75728299
75728341
75728352
75728361
75728380
75729622
75944911
75947036
110475175
110481831
110485050
110485794
110487258
110513799
110538165
74895599
75808397
75088017
76330387
76546752
76579296
76603957
76604801
74895996
74898152
74920263
74933058
74937022
75086897
73101109
73104971
74793553
74811732
74888891
74888984
72803313
72808515
72808631
73104974
73113474
73143958
73143960
73180992
73215832
73215835
73215838
73215841
73215844
73254117
73254119
73341060
73341066
73341071
73341075
73462810
71045435
67967621
70580958
71050647
71056883
71058755
72402878
72417107
72646096
72812457
73956852
74070451
74547138
74701632
74701636
74701638
74704927
74729689
74729691
74738610
72383626
62910309
62950052
62928208
67492949
62192309
67494685
71732224
66423743
67025199
67028120
67033114
67033889
67153943
67171918
67174771
67176920
67492297
62066904
62070767
62070768
62070769
62106371
62108190
62108191
62108192
62108401
62108402
62209738
62209739
62209740
62209741
62209742
62209743
62209744
62209745
62373377
62155528
62971093
62971155
65340770
65342185
65415052
65432125
65434987
65436185
65485141
65487865
65502757
65505002
65506368
65509519
62070770
62070772
65426541
65430942
65437919
65459517
65463855
65466963
95726258
95727233
95749670
95754195
95755947
95757806
95788172
96490553
96504556
97114580
97176387
97176388
97176538
97249901
90620763
90923209
91147268
95568913
95593729
95604969
95609710
95635702
95653297
95660351
95667105
95670996
95679071
95680341
95694348
95697481
95703449
95713730
95727370
95731966
80538956
92170640
92170641
95544077
109754422
109771133
109799155
109819334
109819816
82720801
88008172
88351862
89576907
90199082
90199532
90698995
91908477
92006070
77722813
109331007
109331967
109331986
109336577
109339134
109359300
109403967
109461900
109776054
109876378
109922301
110417546
110422638
110423345
110423791
110423820
110425094
110436274
110454736
110454737
98320747
98322408
98401238
98453248
98473150
98474509
98476573
102538420
102538430
102538576
102539015
109355874
109608643
109608894
109610321
109637416
109647747
109648429
109657664
109662343
3052570
2086269
2277689
2307093
102080923
107437659
107439479
107560645
109312871
109318521
109323176
99002606
102087199
102087234
102088170
102538132
102538188
102538201
102539045
103713549
3336835
22252428
2496888
4482277
3760371
4464990
24191362
35223278
3668976
26542362
8351718
2939100
4482910
26542298
16739662
27029200
11351955
5883786
5883791
8096059
29017
6032
553690
58179540
49611926
107434608
94285569
57459016
60684316
60746675
73950306
73955989
75723074
77406265
95586215
95605771
95625950
95743666
95784025
95796886
3035581
1363304
2283626
2942885
8187644
8256091
8662418
17279454
24785217
29777881
77419729
77420178
95679826
110801780
113143509
122335710
123182260
5751176
5751181
119627
5304901
5323283
5323289
5307362
5324199
21233232
29777396
29777882
113571016
5307322
5307352
9024994
13435091
13522441
13660166
14261840
5319592
5319814
5315885
3372956
3611080
3749980
3040255
1154653
3498431
5307784
10294693
24222781
5361802
5378352
5400658
5416690
5472685
5472686
3684784
3731094
3507389
2639733
9450140
9564571
10819729
11273736
13604595
13660987
14866271
15999864
16128456
16375533
20481594
26946030
77416624
95607428
95692428
95771044
241570
7969615
2605480
23127679
24190790
8009727
8395019
323207
336552
9507501
24190786
10585230
36511
48896640
57456921
60807500
20109523
61277952
61189309
60757818
24184040
795666
6001551
6001552
9194207
9216028
17359499
513810
67153109
95635993
95678243
96678945
96683013
96739269
96739273
108523139
109772028
122426255
128530342
24185193
9312445
24189002
61172387
62108409
73173617
73173620
74550696
74701620
74701622
74701625
95545485
95553826
95553828
95735349
95735634
95739320
95746253
110405582
110405659
160916
10774445
14420972
14731984
24185972
24184068
186135
10512308
14141912
24222474
24769487
37552273
61534163
65411529
61006913
61534129
67155165
110401726
60751175
10629018
13835895
21170748
4380712
2015834
8900848
20038565
8900849
8572421
8639904
10816306
8639903
14831631
19399593
8504894
8504895
392499
10661855
10733002
73096377
74701617
125175
9106837
482133
472325
99003
99339
101754
311997
9194216
1260786
472254
144821
164228
476164
9128907
9128908
9681277
9063343
10004265
4418802
28295929
24785866
26590548
8210347
28557246
34980665
8416453
60999691
61049816
61050823
61053295
35799959
60998567
60998869
60999690
34980663
34980678
35799958
34980666
24591240
61000695
61387783
61387807
61031686
61031805
61033533
61034447
61034581
61034733
61034765
61036187
61036735
61040174
61040330
61041114
61042343
60645928
61387793
61000859
61031685
61475858
61476764
61477114
61477874
61494769
61497162
61498721
61500438
61502111
61502499
61503030
61505071
61294348
61455313
61462124
61463083
61421850
61431933
61432034
61630329
57572772
58808110
61601820
61640085
61650566
61612791
59053488
61579421
82979048
96942896
98442571
98516222
103872127
110565637
110566498
110566500
110567210
110567873
110570935
74098678
65326788
67160691
74053197
74053200
74053201
74088204
74098793
75145647
75145649
75145654
75145655
75146332
75146458
75146537
75146544
75146552
75226056
96938710
2006749
2056480
715808
2073904
1362813
1256944
1256943
3184767
3391637
2033755
2034222
2035974
2035997
2893342
4321380
4415348
3550094
75226057
75226255
4380596
3902401
4444166
3957052
8411505
8346756
8300592
8305560
4473568
3871126
4516149
8305561
8278853
8278851
4515821
8210348
8256097
8416454
8436724
8411506
8278852
8096061
5414402
7990975
8233226
8187654
8187653
8053095
7969616
7988566
5417521
8096060
8031222
7990976
5417520
5474830
8233225
5412591
5412592
5474828
5474829
5382241
4929288
4935154
4984859
132664
131532
4927194
5510002
5513719
138190
4799290
159590
136376
4940518
4934707
163905
157150
132339
4896189
5474831
9874
9929
7175
109581
7278
98012
7157
86848
7425
88376
88521
91359
95324
121631
127418
127293
122977
126785
90331
127268
6035
11589
11399
11576
11404
14340
11289
67767
6897
325
11623
30595
28958
63940
70099
11984
63937
63802
19545
19546
62724
63323
62349
83854
75009
72076
73661
63474
63476
83711
80823
483571
85079
483146
468551
462635
465337
479995
483598
488197
513833
514116
555601
508728
513831
495219
454629
556039
307171
514227
497302
488894
491308
554874
502518
554638
557750
491216
464768
488671
217532
393937
249530
237014
251985
210074
281059
230690
257736
216752
230985
222014
309391
232946
346545
294015
315417
392446
379578
291889
9782694
10004266
9943423
9943424
9979600
9818690
9919505
9979601
9943426
9963055
9964043
9979599
9919506
9875788
9919504
9943422
9840168
9789943
9943425
10020383
10181339
10295497
10131679
10252535
10252536
10288530
10211852
10224621
10287509
10287510
10287514
10288523
10211853
9681278
10266384
10138342
10159468
10159470
10159472
10159815
9530499
9621291
9507502
9717587
9621292
9587354
9655356
9609902
9587355
9632614
9643990
9495994
9495993
9495991
9519039
9530500
9643991
9632615
9643989
9495992
9291357
9542004
9427128
9403934
9495996
9415613
9301555
9578316
9291358
9301554
9380918
9461549
9312446
9312448
9564383
9312449
9312447
9301556
9495995
9564382
9334501
9346162
9334500
9161609
9183274
9334502
9172403
9150862
9161608
9150864
9172402
9322925
9312450
9194218
9194217
9150863
9172404
9183275
9357777
9197658
9269939
9106838
9226999
9226997
9269938
9128910
9216032
9106839
9117840
9117841
9128909
9226998
9237701
9248738
9259194
9269937
9095926
9139888
9139889
9227000
8594781
8617276
8550047
8550049
9030926
9074123
8617277
9084993
8734171
8594782
8504896
8527310
9084992
8550048
8572422
9063344
9041800
8639905
8734170
9056049
11253650
10709562
11203798
10824060
10670917
10750371
10781083
8877320
8853753
11277098
11281733
11230336
10635506
8972221
8924673
8829739
8972222
9019846
8877319
8877321
13835344
13850405
13835161
13538278
13536118
13734592
10607663
10574245
13777450
13526502
13697339
13818539
10434264
10499973
10492605
10417939
13811516
10492602
10492610
10492616
13410491
13593105
11447429
11854769
13410503
11312637
11628546
13343873
11491806
13283108
13283059
13419471
11632844
13481686
13303053
13166204
13166205
13174937
13102144
13104846
13975582
14437909
14943801
15131643
11563992
15436300
14492756
14492672
15329888
15578969
15889264
15438720
14497168
14922100
15544459
15578229
15824777
14613622
14024109
15542918
21105889
21111758
21171512
21170123
21170537
21169891
21159480
21168829
21106001
21106000
18762135
19673279
20482479
20142863
19060755
14302555
14346656
18731643
19974853
19313161
19028032
19036151
16402472
34214753
18887761
35099468
35468988
18949182
18967472
17239920
34977994
34984174
17239912
30985687
30985688
30987484
33286787
34988379
34988380
34984173
32683424
32683094
32698732
35799869
35803005
35803032
32789551
32034140
32789550
31118878
31118879
31149803
32789804
32789932
32789933
30991621
31140554
38001657
35803422
35780600
28580061
35893823
37670298
38001534
28580646
37606171
37670297
37653309
37670296
40301839
28674475
28676911
28687114
35887237
35887299
37045067
35801822
30508027
29779311
28705886
28693931
28693932
29778080
29778174
29778270
29367475
29782643
29780842
29779287
29339590
30646815
29779662
29745482
29781842
29782720
29782731
29316495
27017474
28425640
27017481
30647197
30647198
27017477
26605520
27266051
24775490
24776563
26573389
27122088
29782737
28409515
26668772
26575502
26575504
26588465
26597195
26603200
26000688
25936928
23345926
23345895
26526478
23345896
24184592
25942682
24184601
24184622
24184593
24184581
24184588
24184589
26558173
25467111
24184591
26553680
25948135
25933921
24189021
24189020
24189009
24189022
24189023
24189032
24189039
24184605
24184608
24189011
24184623
24189014
24184618
24189036
24184616
24189038
24189018
24184617
24189000
24189012
21513885
21410858
23107139
24210551
21414502
21473051
24221517
24189006
24210520
23246695
21418523
21515663
24221530
24606268
21410490
24748075
21411940
24591582
24204582
24204571
24205624
24204573
24204570
24204576
24204556
24204565
24204564
24204555
24203511
24204547
24204552
24217482
24204584
24204566
24204551
24203510
24204586
24204553
24189973
24191364
24190014
24189992
24189997
24191361
24190013
24203513
24190003
24189980
24190007
24191378
24191365
24203504
24203506
24191379
24203512
24191377
24189982
24189986
24193052
24191387
24193076
24191384
24191381
24193038
24193067
24193037
24191382
24191372
24191368
24191371
24191380
24191370
24191374
24193053
24193056
58804869
24193041
57560580
57619426
58107221
58181176
57620053
57911443
58107106
57562308
57564562
57575700
57596306
57608568
57559199
57560459
58181199
58817407
58817475
57565643
58189429
57520355
58828034
57517787
60634463
57524159
57526343
58601400
57537349
60638208
60638236
60638237
60638239
60638240
60638249
60608275
60609658
57549608
57550102
57528020
57416953
57503721
57435872
57435874
57435875
57441595
57442263
57429144
57395638
49611957
49611958
49611959
49611960
49611961
56679856
56685102
57497213
57503049
57529376
49611971
49611967
49611968
49611969
49611970
49611962
49611963
49611964
49611965
49611966
51025875
51026267
51035264
51684547
52154316
51025957
51025991
50079862
45455512
45455510
45455511
53608496
45455513
44751874
44751875
44751876
44751877
44751878
44751879
44751880
44751881
44751882
52356023
52360079
52675699
52677413
52677629
52670526
45533611
45533608
45533609
45533610
45533612
41674274
43264830
44444346
44580295
45403420
45533607
44535612
43970030
43970052
41692033
41725232
41755488
42116231
42051034
45144858
45652515
45533614
45652514
45533613
45533615
45652516
45652517
45663730
46090348
46266507
48226591
48227129
48228751
48621295
48766214
48909272
45808611
45817914
45875357
46090347
48217480
48220699
48216574
61593834
48226108
61565939
61572024
61573602
61577307
61583235
61584963
48226105
61601616
61603428
61607528
61607923
61609320
61584984
61587805
61590225
61233503
61233512
61234011
61504452
61627510
61639737
61652228
61655726
61644774
61633641
61638167
61227395
61229643
61613761
61618120
61620973
61293206
61432614
61447435
61451233
61244276
61395136
61244422
61263752
61224365
61224854
61226105
61402403
61388478
61394983
61409298
61413567
61429760
61221924
61394414
61405854
61405983
61235060
61236766
61280101
61338380
61388247
60648126
60678699
60681768
60682449
60682511
60682578
60681530
60681762
60681763
60681767
60676547
60678676
61364181
61395532
60646858
61397374
61395275
61332179
60680028
60680056
60680258
60680435
60680436
60680759
60688188
60688782
60688808
60689346
60689400
60689402
60689442
60689850
60689916
60690900
60679340
60679485
60679717
60679749
60685500
60688210
60685783
60685803
60686139
60686318
60687203
60683302
60683303
60684125
60685025
60685063
60685365
60685392
60685464
60746593
60747549
60747611
60747796
60747799
60827124
60827155
60745131
60746403
60826886
60826980
60827034
60827066
60827067
60740179
60741248
60827178
60827181
60829564
60829724
60830221
60830607
60922862
60922994
60923038
60827504
60830702
60832814
60832815
60832816
60832817
60832819
60833094
60833127
60834685
60825834
60826456
60826550
60826565
60826630
60826819
60826820
60826841
60827337
60827362
60823123
60823075
60823077
60825625
60825720
60833405
60823106
60822110
60822458
60822565
60822703
60823240
60823808
60823873
60824964
60824966
60825034
60825494
60825567
60825583
60820788
61028961
61041134
60820609
60820645
60797189
61041469
61041471
61042440
61031360
61033240
61033625
60820861
60820877
60824370
60824522
60824531
60824658
60824848
60824895
61043765
61043767
61049491
61051173
61053369
61053502
61066056
60998124
60999934
61000913
61002371
61037175
61038201
61039643
61041090
61089599
61101487
61113762
61066568
61068857
61202576
61841274
61214887
61832731
61835514
61836088
61836499
61836536
61836562
61839356
61841104
61841250
61136441
61185904
61188330
61199675
61841329
61846316
61211680
61117638
61784924
61861574
61937767
61947183
61947186
61952137
61865504
61840589
61659350
61667624
61668145
61669910
61680912
61684727
61690249
61692109
61695617
61696572
61704225
61704732
61863471
61863473
75229073
75233030
75234299
75235533
75259524
75318825
75542005
75546347
75546825
75549159
75576536
75587345
75599591
75611345
75627782
75674508
76043451
76326814
75150544
76641932
76708293
76708294
75150588
76327036
76327662
76577875
76614417
76640033
76641569
75137265
75137323
75137407
75139380
75143504
75144336
75148675
75148700
75150044
75154086
75154091
75003661
75003728
75004035
75004331
75124929
75125014
75125057
75125073
75129678
75129686
75129724
75132363
75134501
75150594
75151443
75152232
75152609
75152986
74987546
74825418
74851731
74921144
74924841
74925109
74939008
74946900
74948232
74836979
74844569
74845194
74988084
74988326
74999312
74999313
74999334
74999381
74999417
75004657
73975559
74076250
74079971
74179855
74207780
74207781
74207782
74940479
74941730
73967575
73973857
74088732
74093994
74134661
74176015
74018874
74020746
74060539
74072604
74075512
67036616
74528498
66738744
67030079
67030234
67030953
67034004
67038698
67157318
67176209
72730790
72732439
72804660
72813852
72833991
72836565
74121596
74140235
74145006
74158207
68011270
72390741
71087306
62823086
62824124
62832251
66090589
66090591
66090602
68904428
68904429
71564041
72644544
72388117
72080583
69032874
62783584
62784576
62950864
62875938
62901487
62937773
62129610
62129611
62129612
62129613
65159225
65159228
65389377
65403739
62958960
62958961
64884419
62105493
62064709
62074811
62074812
65511287
62180809
65323214
62093556
62113004
65499597
65429455
65483892
65495603
65425154
65430525
65439913
65450619
95784869
95785706
96811917
96811919
96815841
96857929
96859747
96874290
96886630
96942941
97114762
95796597
95922790
96353854
96794143
97169866
97195116
97195644
97220232
97473904
97497999
83205245
83233651
83868659
95767370
95774903
95776434
95782498
95787233
95793680
95795978
82955292
83433463
83497117
83525809
83739395
83886667
84170252
84536679
85459240
85634264
85891129
86002792
87578190
87824533
87948589
88058264
88082358
88082566
88480882
88696433
86064304
86267830
86525416
86875069
86953186
87111337
87246006
87315089
88118202
88311908
88312037
88703695
93974619
94094798
94230541
94232580
94862083
95016647
95018686
95542999
90613267
95543800
95546223
95546629
95548106
95551482
95555828
95557551
91053960
91254230
95477012
95543753
88888943
88889450
89293819
89432270
89454245
89775939
89847964
90215936
95607360
91586827
91588602
91744245
92057917
92134883
92380292
92610605
92676103
92827213
95566331
95567604
95573945
95578022
95579259
95590005
95591416
95594076
95596191
95603052
95605155
95612193
95612927
95620958
95621522
95621653
95623930
95624444
95625820
95626113
95629827
95632739
95632968
95637862
95640743
95641290
95649546
95650900
95668348
95754237
95695695
95698693
95703769
95716245
95719623
95720650
95722075
95722956
95724879
95727610
95728879
95729317
95730923
95732105
95734249
95737740
95740852
95741723
95757111
95761196
95671838
95676285
95681487
95681748
95684444
95687030
95689142
97883142
98053970
98054597
98057280
98065129
98073913
98190149
98195399
98215679
98259368
98276812
98330206
98360414
109120943
110144569
98056227
98551497
98560479
98562873
98565669
101323561
101868704
102081752
102082306
102084224
102085750
102085782
102086824
102714748
102714749
102900653
102900654
103876891
110450060
110450061
110557791
110560137
110561990
110565219
110565682
110566437
110569511
109343272
109602825
109648210
109811538
110420676
110427651
110427676
110429673
110430588
110432701
110433292
110469245
110473660
110476182
110476398
110479588
110479605
110498331
110541141
110545186
110546187
110546188
110546189
110547588
110547662
110547663
110547676
110547691
110547777
110550276
110765067
110600009
110605020
110627050
110628527
110628536
110628552
111393533
113051217
113051218
113056430
113096103
113466281
113466982
113617037
113617038
114812517
114955690
115039812
115040093
2074305
122640
2283990
2285245
24184597
24184620
13318565
4576099
28570926
13077231
11430606
13500971
29328457
66423744
66738644
74807315
113641177
122900585
10761236
29778018
61387853
61499059
61615705
24222738
5290300
10159884
24807986
489220
3507298
4417398
4919338
67024267
75144501
75144578
75145526
75250497
45533616
61336834
2397469
957080
2746833
2052161
2052159
2052160
3006543
2047085
2009868
2947714
2990971
3376670
4320252
2033966
4278660
2892043
2076656
2925785
3349787
2873684
2080184
1873042
2046443
715542
2412552
2412550
1554068
713735
2016921
2064681
714406
716633
2291777
2532232
1278689
2103025
4478020
717459
4483064
2568082
4987048
5859028
4541764
4512799
4650543
4738041
7862349
4934389
7842766
7837413
4677000
4703536
4521613
4751208
4583723
5051075
4511999
4516000
4734985
5145337
94540
91459
8278855
97861
94541
8395020
110070
91707
88827
7838104
8210349
8074531
8416456
8436726
8139737
8278854
97575
8074530
8436725
98239
181185
74952
205483
191217
79429
191218
180566
199426
200739
73487
207874
83024
201676
175760
171237
203492
208319
129129
208370
201754
7322
63484
69607
55779
74105
10676
12265
11649
5912
62412
70390
13280
57362
69356
11435
13054
70688
30004
28267
41177
10396
7951
8419
589230
637613
637612
571522
497655
496984
514222
554080
490922
491515
490685
508721
508093
557121
490925
491763
491764
272334
514289
255705
244954
280400
279745
250228
256085
248044
261057
514287
458946
468592
222743
478048
484923
225841
478047
252176
477430
10297844
235837
231607
211893
382694
368694
395287
340513
10133218
238422
10404071
10413363
311512
10294489
10221676
298215
300213
10310056
10129080
10413791
9415614
10019895
9291359
10387850
9811571
10004267
10407891
10407892
10387772
9312451
10404072
10407890
10019821
9979602
9979603
9403935
9473037
9553500
9782695
10376107
8972223
9655357
9519040
8662424
9746598
8710217
9703152
8877322
8900850
8806041
8996017
8806040
8710216
9717588
8853754
8948450
8948449
8856356
8639906
8758314
8504897
19878683
19624605
19624607
19931122
19916202
19932621
8542513
9041801
9084994
9259195
8572424
8594783
9052562
9074124
9205173
8572423
19953962
9269940
9248739
16497402
16330612
16450432
19142724
19161455
18980617
14273508
19171278
19309711
19054056
14345023
19592381
19003285
18546822
19292726
19430427
19473916
19598277
19598278
16387352
14228723
14769625
14007534
14506592
14630332
14214130
14647865
14135779
14489616
13985538
14688404
15516456
14710757
14446897
14087400
14661907
14503927
15396720
14823175
15468264
16093993
16096324
14843972
14916279
15255761
15299001
16023870
15578497
15255764
16048103
15155953
14929562
14901155
15303561
15618693
15200706
15217869
15129880
16027291
16115620
10705808
10765505
10643667
10755410
10602794
10740795
15011686
11274597
10597117
15038174
10596445
10583338
10763620
10816760
14999831
15049332
10731682
11226906
10820652
10601511
10437320
10663926
10549642
10437319
10435735
10549643
10620247
10661138
10671967
10522972
10435734
10693852
10563832
10559178
10526742
10427510
10558343
10558346
10526740
10574762
11856045
12551389
10508842
13279817
10467801
13452426
10509498
13474536
13396619
13943644
13409861
13426516
13805194
13203565
13582435
10467939
10493092
10493093
13895765
10493095
11628466
11335897
11441401
11644038
11650004
11458725
11591113
11484353
11501928
24218200
11364773
24222209
24222011
24222050
24222147
24222148
24222207
24222208
24222246
11447058
24214373
24206650
24214877
24214372
24214857
24206860
24213486
24214862
24218205
24218532
24218204
24218201
24214371
24214374
24214375
24214376
24214878
24214865
24206645
24599301
24751520
24599287
24205643
24205638
24205634
24205637
24205639
24205633
24206655
24206656
24205641
24206654
24205623
24579102
24222775
24769623
24205630
24189983
24223902
24190794
24189969
24190787
24193070
24223891
24190788
24193034
24190793
24223904
24190791
24190792
24193035
24189970
24189974
24223903
24193072
24223877
24190803
21513243
24190802
24196172
24190798
24190800
24190789
24196171
24204546
24196147
24196148
24196170
24190799
24196151
24196174
24196155
21503773
21411030
21411031
21417585
22369637
21787271
21406753
21927912
21393588
23080828
22234990
21521908
21265622
21267101
21412188
24184673
23281016
21783043
22235028
21882614
21882893
22886589
21538567
23269060
24185190
24184696
24185177
24185209
24185267
24184766
24184810
24184924
24184685
24185243
24185244
24185253
24184686
24185183
24184953
24185134
24185020
24185598
24185828
24185712
24185405
24185526
24185527
24185474
24185339
24185713
24185711
24185625
24185662
24185446
24185710
24185019
24185397
23347070
23499236
23955632
23499385
23917526
23978223
24185885
23365568
24188999
24189001
24189004
24188998
24184051
24188997
23978174
23498981
23897103
23331125
23948557
24184044
24184032
24183579
24183590
24184063
24184067
24184090
24184059
24184075
24183592
24183577
24184102
24184045
24184057
24184048
24184034
24184030
29364143
29362478
29357921
29366537
24183604
29777887
29357759
24183598
29366303
23978407
23978656
23979096
24180590
23980287
29778072
29777888
29777923
29433607
29332598
29777498
30649220
30774819
29775968
29778100
30686755
29778058
29778109
30649000
29777792
29777500
30774605
29778192
29778135
30689958
29777213
29777494
29777603
29777754
29777501
30182221
30528088
29784277
29778405
29784274
29778830
29778892
29778457
29780904
29778599
29778462
29778320
29778342
29778382
29778455
29778608
29778598
29778464
29778466
29778573
28420267
29303426
28466784
28536229
28601518
28291627
28543341
28601627
28943749
28943750
29285171
29778760
29310099
28409389
28562834
28584732
28484337
29778740
28676138
28710535
28420472
27474697
27445258
26635590
27730444
27748941
27651176
27459011
26635588
27651175
27461024
27458590
27459007
27017489
26625410
27017491
27651165
26951684
26946795
26948508
27266022
25070838
24791911
27271685
24793230
27017492
27122095
24793082
25393664
27148977
27266040
27266045
27122094
24805737
27148971
27122096
24825355
25933236
25944107
26997164
26517092
26541778
26528221
26530189
26323746
26054319
26054274
26523279
26550509
26464503
26461711
26529818
26550414
26552000
26483356
26483361
26483351
26269265
26298968
26411687
32702688
26483587
32239298
32686182
32686670
32476329
32476479
26483749
26483780
32774111
26483511
32239299
32476480
32752063
32777028
32035071
31037289
30995988
30988281
30907032
30916012
30918438
30990225
32186565
32127797
32127952
32151857
32792251
30903535
30993703
30910057
30801422
30910827
30801611
32825271
32830815
32864007
30910645
30801423
32868367
32877264
32916872
32917311
32917420
32917474
32926823
32927164
32936693
32867509
32867601
34214852
34214851
33288489
33288655
33289106
32968101
32968373
32969179
32969508
33003811
33288689
33290612
33290616
33290618
33290619
32937314
32947176
32956750
32967198
32967526
35491444
35468193
35468705
34496042
34496043
35483685
35468971
35482138
35482921
35469471
34212412
34215070
35480194
35497677
35516478
34445983
35336398
35261349
34892061
35033679
32982419
32982732
32982815
32983646
32984540
32984340
32984357
32985375
32985553
32985804
32983864
32984136
32983013
32983291
32983584
32982736
32982429
32982449
32984219
32983968
37670302
32985096
37670299
32984909
37670301
32985214
37670309
37670310
37670311
37670303
37670304
37670300
32985179
32984989
32984556
32984703
37670305
37670306
37670307
37670308
38001546
37700358
37700359
37770221
37551148
37700360
37653242
37653243
37653407
37686686
37686687
37700355
37700356
37700357
37767157
37700361
37700362
37651067
37651563
37871784
37667114
37667120
37667219
37667281
37667290
37667890
37664424
37666257
37666878
37657229
37664029
37667923
40293203
40293216
40293298
40293308
40296630
40296632
40301933
40303529
38773827
38237448
38238193
38236283
38779942
39187213
36821111
40278517
40296718
40296728
36831214
36831279
36831493
36843886
36844624
37042204
37083477
39899942
36809971
36810775
37490321
37490318
37490320
37490317
37490319
37260982
37490322
37285180
37339078
37339462
37342451
37342465
37347232
37347528
37347535
37350250
36670058
36670114
36831616
37227944
37490329
37490338
37490325
37490326
37490339
37490340
37490341
37490336
37490342
37490331
37490332
37490333
37490334
37490327
37490328
37490323
37490335
37490337
37490324
37490330
35903808
37490344
37490352
37490353
37490354
37490355
37490356
37490349
37490351
37490345
37490346
37490347
35905425
35889303
35891151
35903510
37490343
37490348
37490350
37490357
57438829
57497968
57498350
57505778
57429427
35790539
57429459
35769182
57535985
57429133
35785088
35886752
35887060
35991277
35991279
35998075
36104044
36257408
36265314
35785372
57475043
57458691
57465342
57444382
57474440
57465501
57467840
57444506
57438752
57476595
56494029
57104987
57467656
57471393
57476594
57438511
56493440
56493927
57438760
57477788
53615354
53619479
60601999
57256726
57378011
58841416
57397302
56237111
56298571
56306777
60635167
60635317
54929578
54983146
54983185
54983569
55018933
55062668
54945059
60614915
58226248
58222696
58222700
58222701
58222714
58815235
58601401
58214630
58214631
58227335
58227336
58227866
58227944
58229582
58601160
58806309
58806580
58601191
60602529
58181045
58180760
58182247
58183684
57613538
57568394
58183051
52675808
52675824
58183504
58183466
52676864
52676926
52675440
52675547
52675625
52675752
52803045
58183143
57572853
52355721
52356067
52511572
53608437
53211067
53214361
53214381
52483798
52511278
52356065
52154351
52175568
52795800
53227613
53375459
53511841
53511842
53214377
51349450
52099660
52337193
51349006
50069486
51730202
51767363
51934038
51353452
51552634
51552974
51556200
51556213
51715063
51722621
51722624
51722626
51723697
50897686
51348916
49611974
49611973
49611975
49611976
49611977
49611982
49611984
50353832
50528097
50673645
50754178
49722713
50353768
50353829
49611983
49611972
49611978
49611979
49611980
49611981
45533621
45533625
45533626
45533627
45533628
45533629
45533630
45533631
45533622
45533623
45533624
45533617
45533618
45533619
45533620
45533633
45533634
45533635
45533636
45533632
45403424
45624442
45533641
45403425
45403426
45533638
45533637
45623767
45623791
45624501
45533642
45533644
45533645
45623722
45533639
45533640
45403423
45403421
45403422
45533643
45699253
45878001
45884119
45709657
45604917
45624507
45624512
45695547
45696744
45709660
45819498
45874814
45709658
45709659
45884431
45884432
45891130
45891131
45891132
45891133
45709665
45709666
45709668
45709669
45709670
45709671
45709672
45709673
45709674
45709675
45709676
45709677
45709678
45709679
45709680
45709667
45709661
45709662
45709663
45709664
45663737
45652522
45663733
45663732
45652518
45663738
45663739
45683062
45701035
45663731
45709681
45709682
45709683
45652519
45652520
45652521
45663734
45663735
45663736
45701047
48218444
48224118
48226919
48219262
48219260
48218096
48224630
48225797
48220206
48220509
48220677
48220678
48221779
48223149
48224318
48228074
48223910
48225976
48225984
46266597
48228885
48229735
46036957
46038197
46262424
46266598
48526733
48530542
48228773
48228872
48228880
48640661
48640744
48530543
48530700
46344523
46344524
48497635
48514766
45952877
48766167
48779183
48231951
48779083
48229970
48230184
48230450
48230483
48231346
48231584
41809713
41829739
42100543
48354610
48886414
48767530
48769884
48351181
41836338
41889757
41210884
42398593
43264591
41408642
41408661
41684134
41961079
42140453
42172740
43292841
43633803
43043311
43045057
42962962
41386775
42338917
42965301
42180698
42222243
41892007
44545170
44607930
44545146
44606258
44602941
44291493
44291494
44294152
44537075
44444160
42408379
42612212
44290320
44603664
44605640
44602923
44625151
44640127
44694187
44430253
44211592
43894208
43895787
45210121
45210180
45455514
45455515
45455516
45455517
45455518
44034376
43924337
43924373
43924410
43928980
44296099
44299522
43882542
43885802
43953500
44751886
44751884
44798087
44798088
45455519
45455520
45455521
45455522
45455523
45455524
45455525
45455526
45455527
45455528
44751887
44751888
44751889
44784956
44751885
44751883
45058704
44810395
44798089
44992668
44810394
44992767
44810393
44986809
44986867
44986957
44986985
44987008
44992545
61569443
61569498
61569642
61571487
61613544
61619721
61626033
61565480
61569267
61588496
61566636
61530509
61534827
61563473
61568920
61610307
61563821
61568795
61592146
61602121
61563017
61530515
61533098
61480969
61499796
61503694
61530388
61506734
61506680
61524837
61534873
61534988
61520572
61524828
61552634
61524829
61540515
61543406
61549830
61524840
61525480
61528177
61528183
61534841
61505742
61507327
61520246
61450605
61516272
61448680
61473338
61474360
61474944
61475613
61512484
61516103
61475643
61476775
61475241
61475327
61459492
61462959
61468520
61433724
61434382
61438986
61444941
61359526
61359742
61373527
61362718
61376503
61359194
61378210
61381010
61381542
61381861
61388214
61388251
61364337
61366132
61366922
61371475
61372047
61373568
61374462
61359848
61352346
61369141
61347669
61348922
61329899
61330614
61338191
61349644
61374968
61370488
61354707
61338502
61344297
61345510
61346411
61347055
61332143
61334550
61335796
61336385
61355186
61299229
61355147
61243043
61243044
61288840
61290235
61304811
61306135
61300386
61357023
61404847
61426553
61431274
61302605
61311278
61315041
61317771
61295249
61262687
61222870
61272762
61285547
61225542
61226084
61224134
61220558
61221053
61221366
61222794
61222835
61222849
61222865
61224153
61224074
61226088
61277142
61279437
61285810
61219952
61226913
61204216
61205792
61208179
61199981
61227603
61211057
61211339
61214009
61226130
61215577
61216541
61217582
61218165
61212492
61202135
61197277
61199834
61209185
61209256
61171682
61185147
61187847
61190391
61159896
61165490
61167427
61169106
61169304
61176485
61178500
61181171
61190968
61190975
61193791
61208661
61209116
61209136
61135729
61150083
61082782
61093013
61093861
61104832
61117851
61123846
61133551
61157709
61135133
61128459
61085579
61077642
61077953
61089217
61135200
61156590
61157425
61157784
61134796
61076502
61068310
61065493
60987928
60994346
61002799
61006686
61051177
61051183
61054677
61059408
61059409
61059411
61059412
61059418
61065436
60996900
60978928
60986989
61069819
60986955
60970288
60970616
60972558
60972746
60972991
60975535
60999381
61005157
61029180
61029188
61029192
61039797
60972005
60972280
60972488
60972724
60972723
60942764
60942765
60965733
60795531
60795499
61007946
61007971
61008433
61020330
61027758
61027759
60795247
60795305
60795306
60795503
60795511
60795513
60795537
60795617
60796404
60796412
60797118
61006935
60794713
60794731
60794734
60794763
60794768
60794783
60794785
60794787
60794801
60794805
60794813
60794825
60794840
60794853
60794865
60794871
60794890
60795054
60795060
60795081
60789650
60793719
60793781
60793787
60793795
60793798
60793984
60794025
60794702
60794704
60794706
60795113
60795129
60795140
60795207
60795213
60753531
60753656
60754972
60765082
60837805
60822731
60824000
60824435
60824436
60825358
60825577
60837808
60806095
60812322
60814459
60819800
60758660
60758665
60758686
60758694
60762137
60764472
60764513
60837806
60847148
60847198
60845092
60827013
60846039
60902098
60846807
60839447
60839515
60844841
60845301
60845784
60845797
60847586
60853767
60831556
60847167
60922868
60922949
60923052
60733878
60740659
60741773
60739475
60742082
60749421
60753077
60908881
60924003
60752557
60742085
60742096
60748470
60748485
60748796
60739771
60740604
60742056
60741126
60733561
60737018
60705087
60738528
60737806
60647909
60648193
60669816
60678487
60685092
60700493
60700772
60736498
60734190
60734711
60735620
60737974
60737084
60738642
60738672
60739156
60662790
61961208
60645994
60646570
60646904
60647364
60657178
60657179
60657274
60657377
60657528
60657611
60657624
60657756
60658426
60658585
60658617
60658651
60659162
60646660
61892955
61892099
61921474
61961275
61964058
61975634
61981393
61981394
61981396
61982995
62013046
62018527
62027225
62031224
62031225
62031226
62038499
62038500
61892956
61914404
61657204
61670707
61707681
61768445
61785219
61801372
61808050
61810773
61820218
61839327
61682167
62038623
61682404
61692191
61839860
61840848
61840858
61785793
61681789
61681974
61835950
61836214
61838582
61858625
61835177
61846384
61840173
61840401
61840422
61840465
61839023
61836211
61835072
61835128
61840007
61840103
61840146
61840170
61842204
61851671
61833294
61838590
61833283
61832094
61837451
61837465
61833322
61833369
61833389
61833759
61824292
61831247
61831623
61831629
61832012
61832055
61833798
61833954
61837535
61832227
62875106
62792634
62875225
62876854
62876932
61831492
61831520
62793060
62871046
61831556
61831506
62803516
62822505
62830068
62841980
62843144
62173068
62175415
62175417
62178283
62772241
62612179
62213349
62418460
62071680
62080830
62095072
62097344
62104996
62197790
62197791
62200161
62200162
62210098
62210376
62210838
65329510
65329532
65396975
65383658
65387956
65398471
65410884
65159279
65398211
62167845
62168042
65350244
65381768
62055522
62055523
62055524
62055983
62062676
62109854
62144721
64851342
64864448
64956852
64957147
64957148
65329630
64949936
64956365
65330657
65332576
65334193
65334215
64904194
65330282
64811222
64820167
64820168
64956744
62966155
62966707
65429787
65429788
65432217
65433225
65436061
65429982
62957981
65422461
65422594
65424655
65424738
65425419
65427188
65428076
65428686
65438385
65439530
65466417
65477075
65460484
65462501
65479046
65484523
65485700
65486380
65486857
65488536
65447748
65450131
65459829
65439032
65423819
65437197
65438002
65512932
65528521
65502141
65492853
65509383
65510008
65510175
65511665
65493388
65495240
65496130
65499005
65502028
65503853
65506059
65473321
65533942
67031866
67038127
65780656
65745271
65769979
65775576
65778102
65735055
65745650
65747641
65758104
65758428
65767480
65769042
65782698
67034512
67140068
67159550
67163916
67166922
67173090
67176035
65653627
65653661
65694456
65711433
65715864
65731623
65740393
71049269
65685858
65687069
65689383
65691473
65536932
71049545
71050561
71061772
71062441
71064573
67877660
67967052
68015368
68015474
68151345
68905005
68905263
70255813
72639206
72640907
67966561
68007921
68024262
68024367
68024457
72647260
72691805
72691806
72640151
72388795
72384836
72385886
72385885
71732888
72079620
72083314
72396570
72396618
72396970
72398428
72413842
72414671
72416879
72419239
72421133
72428480
72695931
72707536
72718684
75537132
75537131
71422598
71424848
71494132
71517878
75226266
75226818
75232488
75233748
75235518
75263048
75317907
75441097
75441098
75449584
75449585
75449586
75598016
75598954
75587385
75590518
75590573
75590625
75594274
75594376
75594426
75595891
75596645
75596653
75596740
75597253
75599976
75600428
75612579
75612648
75673183
75675150
75719699
75719700
75604052
75612650
75612856
75613223
75629767
75631107
75631448
75636571
75643787
75643807
75643808
75653163
75653170
75662402
75665758
75669291
75669292
75669293
75672004
76597182
76621940
76616913
76617635
76620887
76622190
76638860
76641775
76641894
76642075
76645960
75144746
75144748
75923250
75923251
76553862
76553863
76553864
76577374
76577383
76614062
75144439
75144613
75145744
75145766
75145780
75146053
75146064
75146070
75146166
75146195
75146202
75146218
75146339
75146340
75146560
75224989
75225200
75136567
75144435
75144436
75081247
75081547
75084663
75124735
75125152
75129728
75132348
75148627
75148628
75148648
75149179
75149889
75149949
75149972
75149981
75150520
75152619
75152657
75152658
75153008
74812923
74838823
74889657
74919574
74927372
74928250
74929197
74999320
75003484
75069777
75069829
75069970
75072392
75073333
75084695
75084867
75085064
75085421
75086462
75086484
72727385
72737020
72737021
72741791
72745731
72748927
72763662
72763663
72763757
72764708
72765439
72767797
72815387
72826856
72827064
72834030
75069612
75069618
75069619
75069711
72785687
72788043
72798677
72803621
72809070
72811741
72812386
72815391
72815399
72817134
72823202
72824907
73181011
73190936
73190939
73190942
73190947
73190950
73195501
73195759
73094682
73095044
73095054
73095076
73096258
73096665
73101141
73104977
73132929
73196591
73215858
73215861
73215864
73215868
73215873
73517563
73562633
73562634
73573179
73573180
73341092
73341102
73341104
73341108
73341116
73341120
73341123
73341126
73341153
73341158
73341160
73341163
73341166
73341169
73341172
73341175
73518115
73519343
73520205
73520256
73316265
73338078
73338084
73338090
73338094
73338097
73338100
73341129
73341132
73341135
73341138
73341141
73341146
73379229
73381533
73381535
73381538
73381542
73381548
73413603
73256474
73316268
73316273
74430740
74430949
74431466
74538885
74704930
74704934
74704942
74704947
74704950
74704953
74704958
74704962
74704967
74704971
74704976
74704979
74704984
74704987
74704990
74704993
74704996
74704999
74705002
74705005
74705008
74705011
74705014
74705017
74705020
74705023
74705026
74705029
74705036
74705041
74705044
74705047
74705053
74701492
74701497
74701500
74701505
74701508
74701513
74701516
74701519
74701523
74701526
74701535
74701538
74701541
74701544
74701551
74701555
74701558
74701560
74701563
74701565
74701568
74701571
74701574
74701577
74701580
74701583
74701590
74701593
74701594
74701597
74701601
74701605
74701608
74701613
74729697
74729700
74729703
74729713
74738613
74738614
73985283
74059073
74061665
74152259
74207783
74207784
74207785
74261372
74291420
74337052
74337053
74337054
74337699
74705061
73648175
73700109
73700110
73706979
73706980
73886113
109121409
103868320
103873063
103880412
104615721
108264983
108463039
108519855
108528263
108993863
74008902
74008903
74032704
74032705
74059075
74072850
102902219
102909457
109303694
109306328
98962821
101307436
101530646
101847954
101930678
102069965
102080467
102081635
102086281
102086836
102523891
102524141
102524153
102524247
102898505
109315649
109315650
109318516
109322889
109325196
98492061
98534691
98538370
98538452
98550025
98550161
98551231
98551467
98552159
98553306
98557809
98563238
98564134
98564179
98565703
98567245
102070867
102073868
102076077
102077130
97966300
97976210
98038465
98043536
98044995
98045258
98048956
98048957
98049644
98049650
98051446
98051589
98053488
98054383
98054476
98057901
98063194
98492064
98589797
98612903
98007843
98011331
98014955
98015127
98017854
98020968
98068840
98069444
98071203
98080646
98086408
98096055
98097502
98100040
98100405
98101615
98104206
98111664
98125883
98126761
97597401
97639997
97647858
97648637
97650166
97651951
97651972
97654606
97693237
97693528
97721361
97832389
97910375
97931156
97931157
98126762
98136197
98136198
98187238
98187239
98156908
98157917
98164170
98166063
98196887
98197676
98199186
98201825
98202298
98218445
98223554
98226712
98227112
98227250
98227735
98228080
98228133
98229752
98231800
98330453
98249422
98255542
98260234
98264198
98265707
98280645
98341849
98356084
98357687
98357874
98359947
98368531
98425476
98434866
98446464
98470112
98477031
98485609
109339313
109340179
109331975
109336804
109341463
109344021
109351626
109355116
109356065
109360250
109365570
109372150
109372177
109381292
109396874
109397099
109461885
109461889
109461890
109461891
109461892
109461968
109417829
109418850
109418865
109428366
109455891
109459653
109461969
109479884
109479981
109480047
109490256
109647726
109647728
109657227
109660350
109669074
109669883
109669891
109676860
109695942
109587987
109589799
109590001
109604106
109606539
109607840
109610854
109611758
109617986
109644058
109646968
109691202
109716657
109784216
109797554
109797795
109798151
109799622
109809973
109812582
109730995
109744695
109745607
109745721
109745789
109750944
109754389
109759704
109771566
109773191
109782545
109782601
109801468
110422682
110422728
110423741
110439936
110440987
110450173
110450177
96323246
96340330
96356471
96418064
96429963
96432072
109825002
109826453
109867868
109873923
109876371
109878552
109916766
109924965
110401514
110401616
110401641
110437444
110437678
110437679
96320492
96323212
96793560
96794243
96797888
96798383
96799873
96799894
95766273
95769346
95773015
95778002
95779927
95781457
95786455
95787386
95790468
95797966
96123195
96164676
96438907
96445463
96710413
96710415
96711818
96712629
96713946
96716015
96717967
96718043
96744929
96745543
96745608
96745780
96745897
96745912
96747420
96749412
96788479
96788992
96437109
96438798
96438802
96438818
96438893
96457880
96464269
96516817
96516887
96518165
96519507
96522267
96522728
96636445
96636447
96636492
96636496
96434139
96434140
96435417
96524185
96524280
96524495
96524500
96524522
96525514
96525839
96526324
96526698
96527177
96527183
96527219
96527224
96527278
96528154
96528462
96528468
96533134
96584568
96637456
96639539
96639762
96640232
96646986
96800802
96807482
96807490
96809156
96809618
96811918
96813237
96818539
96819654
96823646
96829169
96829568
96837848
96848188
96848189
96848190
97024393
97046311
97048882
97115770
97116102
97394076
97396356
97417514
97476784
96869520
96871020
96885126
96894012
96927744
96929321
96929323
96929793
96934906
97001855
97014177
97474928
97474970
97475018
97478675
97480923
97482084
97482095
97483390
97490988
97498000
97498001
97543489
97545662
97549967
97569079
97571764
97571789
97572417
97572420
97573639
97168181
97169609
97174063
97175096
97177912
97179563
97186514
97197456
97199532
97199867
97202809
97203629
97222109
97222726
97222728
97222982
97526438
97550755
97565143
97565150
97204571
97207417
97209310
97214008
97223028
97223037
97226319
97235328
97235338
97244450
97297083
97297210
97297228
97297951
97300474
97300476
97304621
97304783
97310440
97311617
95674408
95675213
95678751
95678769
95698202
95702892
95704014
95705462
95705933
95709094
95710765
95724470
95731834
95732253
97231583
97232890
97244451
97249065
97251105
97276892
95627262
95627263
95627927
95628518
95642286
95646650
95662238
95669179
95718748
95743774
95745896
95751378
95752124
95754539
95762539
95763152
95610372
95612856
95613582
95617781
95567917
95568228
95576781
95576782
95576783
95578069
95579004
95579314
95586142
95590670
95593359
95593502
95594641
95595939
95596333
95607457
91779587
92408775
92455424
95567260
90123360
90172831
90374062
90920867
91124655
91127508
91265035
91551169
91782288
92520717
92707247
92923856
92934666
92963414
92963778
92984919
92985639
93322718
93570829
93572920
88956130
89033572
89033911
89100815
89225972
89266543
89266754
89425268
89775610
89848315
89856224
89964473
90377335
95545129
95547087
95547737
95548186
95553308
95558596
95558938
93677004
93713717
93967477
94102601
94151096
94464538
94493770
94695909
94780863
94786225
94786667
94786718
94832891
94912229
94999561
95077536
95126989
95208488
95263547
95263671
86169339
86215272
86243371
86246302
86246311
86279189
86388448
86418972
86481418
87332846
87450368
87451471
87459155
93680025
93748279
93844629
93885312
94215268
94232467
86849490
87001821
87099770
87134040
87508030
87930248
87931456
87989096
88040758
88070252
88082147
88312137
88342468
88347003
88415670
88455418
88626439
88707662
88707721
88744131
83904188
83904236
84985317
85241751
85241900
85262850
85339145
85375981
85376175
85381359
85667054
85667236
85777723
85894779
85903569
85978756
87668405
87790874
87790900
87806406
84482505
84536396
84554923
84575213
84575623
84654931
84666489
84720586
84746937
84757658
81552318
81812909
81817836
82181274
82181562
83928154
84000162
84051253
84057009
84151903
77452854
77718011
78336009
78429564
80930969
81529307
81644086
83194760
83234878
83433791
83499699
83689256
83749328
83765834
83793467
83868429
111411740
111519938
111522130
77412307
111396603
111396604
111396605
111396606
111396607
111396608
111396609
111396610
111396611
111408873
111541544
111546956
111547803
111548006
111561320
111563693
111578398
111579030
111579387
111583092
111357895
111396612
111396613
111396614
113117733
113122868
111347356
111347617
111349894
111351120
111352151
111352521
111353289
111353291
111353307
111354693
111355526
111355530
111355534
111357768
110622631
110627391
110628460
110698620
111585345
111586102
111847028
111848791
111852010
112690789
112696662
112710258
112724669
112725732
112725737
112726310
112726396
112729888
112731356
113050379
110630039
110688581
110688643
110689496
110690021
110690035
110698633
110757409
110769272
110776303
110777048
110777131
110777171
110777182
110784787
110784791
110793229
111339282
111341369
111341372
110466696
110476284
110483239
110483845
110488707
110489567
110539713
111255235
111265935
111265980
111266230
111287924
111287925
111333315
111339724
111339751
111339898
111340664
111340665
111340708
110530543
110530725
110530751
110533601
110561597
110566129
110566894
110567548
110568184
110568194
110568667
110570652
110587783
110589063
110592104
122560004
122695121
122704335
122707528
122730731
115290148
114867225
115017622
115243379
113641000
114433257
114505005
114804031
116935405
116937738
122355129
122751450
127378729
128916506
128923569
128933251
128934244
129153353
113387368
113387444
113447352
113447792
113450944
113451286
113453411
113455394
113457342
113457389
113457415
113460169
113460322
113468393
116922211
116923168
116939468
116972539
116977604
117007109
113136299
113388633
113390783
113392816
113393398
113393407
113394230
113395010
113395087
113446636
113571417
113571457
113571769
113572051
113573313
113589427
113613904
113613917
113613938
113613942
2012916
2353372
4283929
3014562
3526712
4260367
29785103
2079856
2284659
44241049
95782698
113472985
113474563
113477028
113479143
113498472
113498599
113567829
113567833
113570847
1739602
514124
243079
200996
7857359
235278
79685
362252
261096
137292
8483340
8395021
8305562
11452310
263898
277245
11470392
6039926
8351719
8074532
15334019
15334010
13750089
15334003
14749338
14328273
10558869
14978221
13621317
10465746
11254789
14197998
15477150
10575602
10578499
10572614
14198097
15263039
10506352
11254872
9150865
9130397
16445328
8948451
19125779
8853755
8900851
8782276
8782277
8924674
9415615
8527311
8806042
8829740
9979604
9301557
9990597
19755389
19972595
20473622
29356141
28543731
10381721
9847423
28474457
29777491
29778808
28620339
10404989
29777104
29777125
29777450
29778943
29779078
29778444
29777281
26483843
10281937
28699476
29778659
26457414
28055365
27122100
28135564
27122101
23978331
24796331
23979095
27757068
24793103
27174027
23980774
23979487
26483849
26483902
23980792
23980825
26497779
27122099
27122098
24184031
23978169
24184094
24184054
24184081
24184101
24184085
24184100
24183594
24183605
24183591
24184060
24184061
24184066
24183601
24184049
24184050
24184083
23350240
24184800
24185431
24185453
24185242
24185643
24185457
23147967
24184641
24184713
24185456
24185458
24185588
24184645
24184712
21789836
24184854
24185822
23147986
24540187
24222279
24205654
21408517
24223862
24256050
24223882
23147991
24205625
24205631
24196169
21408633
36133155
36136613
36242808
36292768
36323415
36291501
36136380
35680016
35903462
37490361
35905415
35915679
35915695
35915991
35916105
35889294
37490360
37490369
37490370
37490358
37490359
37490362
37490363
37490364
37490365
37490366
37490367
37490368
37219695
37228012
37232221
37490373
37490382
37490384
37490385
37490379
37490380
37490381
37490374
37490372
37490375
37490376
37490377
37490378
37490371
37490383
37490386
37490387
37164545
37663000
40275659
40278910
36830508
37008936
40195576
40275657
37662998
37664229
37664231
37664518
37664604
37074784
36835310
37664117
37664118
36830504
37664160
37664192
38004412
37555134
37654368
37662845
37662846
37555221
37654367
37552652
37553377
37553566
37555133
37552841
37662848
37662854
37662855
37662856
37664652
37664715
37664783
37668025
34214356
35469191
32866573
35491491
32842827
32864781
37686688
35469192
35506446
35514402
34501286
33288371
37686689
32971107
35637953
37670312
37670313
37670314
37670315
37670316
30852447
44678108
44684301
45455529
44788879
44788880
44788881
44810396
44626995
44627002
44108807
44426687
44019519
44020753
44020754
44980853
44748250
44020757
44075716
44076089
43533985
45455539
45455540
43534023
45455531
43457714
45455533
45455536
45455537
45455530
42597892
42689978
42691452
42699464
45455538
45455534
45455535
45455532
42330085
42330140
43520820
43318785
43467469
43497379
48945571
48938152
48767521
48886987
41212538
41386739
41816346
41386677
48714545
48714600
48714739
48910325
48930992
48938151
42076749
41894193
48222248
48221486
48222241
46036019
46194114
48222791
48228018
48228901
48229267
48229985
46383280
48480217
48230575
48230839
48478385
46196481
46216549
46216597
46291232
46128988
45616752
48218067
48219363
48228026
45624691
45663740
45683063
45683064
45702879
45709684
45709686
45709687
45709688
45603979
45605174
45605262
45884358
45884433
45869779
45709685
57438819
57445219
57476175
57477059
57470527
57446409
57438827
45452759
45452764
45533646
45533647
45533648
45605387
55432946
45429654
57438826
57456333
57445453
55734477
57538397
53622917
53622131
53617331
53617332
53615340
58186494
58183363
53617335
53617333
58601402
55640175
56496145
56802286
56849612
56928319
57015296
57175683
55633839
55634835
55060874
58214483
58223060
58224904
58226150
58226153
49693338
50353692
49693331
50353848
50426922
60639699
60639715
51274919
51268997
60613527
50353998
50354021
50425527
49611985
50353743
51045217
52924638
52324499
52499833
53426421
52379341
52449116
53212531
53311906
51233716
51242491
51245191
51474315
51552085
51600301
51828590
51848215
51965429
52129703
53364964
60914800
60752694
60909209
52794576
60657950
60659350
60705390
60705894
60706414
60748452
60751108
60699619
60647725
60647773
60920362
60925891
60925894
60925974
60925975
60930555
60853830
60972437
60992273
60992460
61029220
61045349
60753413
60967716
60967720
60967786
60967787
60753554
60754542
60755836
60763592
60763597
60764296
60985693
60930507
60965676
61096867
61045353
61045358
61078391
61120568
61125517
61157031
61157280
61158196
61149480
61090733
61066564
61098955
61098996
61101771
61111713
61113526
61115490
61117441
61118048
61220446
61230387
61200657
61212071
61213328
61136073
61169649
61181608
61189372
61287408
61196961
61197960
61186611
61137243
61139730
61140648
61209550
61209700
61278791
61221608
61275622
61363113
61248424
61375305
61361867
61312179
61314831
61332244
61335205
61335670
61337523
61340894
61346042
61352764
61357904
61330601
61282409
61303244
61363112
61388508
61539375
61551084
61433358
61512711
61515128
61516576
61516597
61517127
61517698
61440279
61443646
61443868
61447212
61555407
61376757
61540278
61541684
61541685
61542131
61546780
61486949
61504843
61531129
61564673
61564677
61564681
61564685
61564791
61564792
61587226
61591271
61593990
61600585
61531231
61541680
61541687
61541688
61559603
61531119
61531123
61849179
61846385
61846386
61846387
61849178
61567435
61849180
61968198
61968199
61968855
61968856
61969116
61969118
61969120
61834260
61834572
61559829
61662139
61694748
61704842
61863307
61863308
61874847
61874851
61874856
61962071
61970085
61970086
61981395
62012318
62013048
62015624
62025056
62025059
65703607
65750525
65755422
67033801
67036734
67156554
68012163
68901703
65506030
65534969
65666411
65687857
71517530
72392736
72400791
72403261
72405023
72692882
72702243
72705159
69025396
71053409
65424270
62168752
65387739
65415571
65425922
65432212
65437915
65460453
65476091
65427186
65418693
65414847
62966088
62977551
65346251
65378720
62145605
62146446
62146447
62146448
62146457
62146458
62146459
62146460
62146461
62151307
62159850
62159851
62159853
62159854
62168753
62168754
62169106
62169107
62169108
62169109
62055520
62055521
62064600
62084394
62085097
62085098
62085099
62085100
62085101
62085102
62085103
62085104
62121433
62121434
62121435
62121436
62121437
62121438
62122201
62122202
62174835
62174836
62174839
62174840
62177224
62177225
62179193
62189357
62189358
62189672
62198181
62200462
62488490
62612267
74705062
74705065
74705066
74705069
74705072
74705077
74705079
74705081
74705084
74705087
74705090
74705093
74705097
74705100
74705103
74705106
74705111
74705114
74705117
74705120
74705122
74705125
74705128
74705131
74705136
74705139
74705141
74705144
74705152
74705153
74705156
74705164
74729718
74738627
74701474
74701405
74701408
74701410
74701412
74701416
74701419
74701422
74701425
74701438
74701439
74701442
74701443
74701451
74701453
74701456
74701459
74701461
74701464
74701469
73341148
73341150
73341152
73381509
73381511
73381514
73381517
73381520
73381550
73381552
73448789
73448986
74430500
74530524
74553270
74555290
74701478
74701484
74701487
74705056
73075688
73096092
73096123
73104980
73104983
73104985
73215879
73215882
73215884
73215887
73215891
73341155
73341178
73450146
73451402
73451563
73463056
73463255
73466488
73467918
72764083
72767568
72786463
72790782
72797400
72797401
72803742
73139236
73143981
73143986
73143996
73173623
73180985
73180989
73180995
73181002
73187974
73215894
73215900
73215903
72721683
72728547
72737043
72737129
72746260
72749241
72770489
72776032
72776274
74891804
74891806
74937541
74937542
75066384
75069726
75072857
75083247
75086481
75133949
75149223
75146118
75146143
75149250
75149875
75228591
75228596
75228613
75229590
75231257
75249932
75628949
75629569
76600807
76601153
76601389
76601494
76601512
76601545
76605483
76703809
96957776
97234112
97234753
97236700
96046900
96794177
96813117
96813442
96817686
96817728
96819652
96833511
96852815
96861229
96869369
96891786
96897988
96924888
96944418
96953956
97167563
97169868
97176020
97176021
97177653
97177735
97186807
97216567
97219187
97224908
97297910
97304618
97311622
97333501
97350219
97521481
97521482
97543490
97546789
97550485
83186824
83220415
97386922
97406857
97406858
97408994
97408995
97459262
97465771
97474335
97475017
97482154
97490959
97546790
97546791
97546792
97546793
97546794
97546795
97571686
82130320
83637098
83684438
83833584
83833606
83833862
83869024
84197246
84200416
84513452
84625967
84910304
85217627
85446821
87626727
87806459
88027418
88073115
88411701
88679843
86881759
89079498
90119978
91127862
91727254
92462188
92764004
92905923
93038392
93192973
93269916
93956479
94124562
94191260
94215273
95294672
95544491
95606739
95613215
95613216
95614994
95672603
95674703
95750505
109739071
109747991
109748394
109753141
109773048
109823947
109876367
109904985
110102689
110401100
110423237
110423676
110430137
110436372
109588873
109589737
109590402
109600086
109603103
109604355
109610688
109615084
109615509
109643551
109760858
109764101
109771382
109777417
109781706
109788724
109797370
109811002
109816983
109823327
98483585
109331126
109334498
109337628
109346722
109348221
109351987
109392628
109412021
109436756
109461957
109461959
109648432
109648443
109648446
109648449
109659659
109699064
109704477
109708134
97644463
97644465
97650167
97650168
97650169
97650170
97654722
97931338
97931339
98168263
98247466
98249435
98249436
98249437
98249438
98422482
98435470
98470227
98471593
98483586
97830240
97878938
97931340
97931341
97933618
97933619
97933620
97933621
97933622
97933623
97933624
97933625
97933626
97933627
97933628
97933629
97933630
97933631
97944118
98104622
97950625
97974329
97974330
98015161
98015162
98015163
98015164
98077787
98104623
98492534
98550472
98556812
98567546
98572080
98968892
102898436
109309506
109318934
109324161
109328729
107561473
109306245
113388688
113389925
113390345
113391079
113393093
113393203
113477642
113477647
113477661
113485974
113498345
113569346
113571348
113572488
113613819
113613823
103713148
103713168
114992325
115040446
117144939
128911838
110481890
110489595
110540762
110567918
113446947
113446990
113447086
113449779
113451149
113451791
113453920
113454525
113458944
113619428
113641008
113641040
110474165
110489599
110489611
110595705
110605629
110613304
110619237
110620111
110620710
110627062
110627398
110630080
110789497
111040811
111338147
111338520
111339286
111340129
111341583
111341980
110595706
111347339
111348436
111348437
111348438
111351313
111357892
111385888
111385889
112002278
112725716
112725728
112725750
112725856
112726024
112726216
112726438
112729768
113115649
113126402
2926473
72027
2084760
119303
8074533
70576
8117799
172320
199885
3332401
5303851
4901959
3900524
4482882
5303850
5145768
111357241
111385890
111543101
111571160
10946
253381
9052563
472215
456087
9194219
229156
306503
13259
477173
313043
276241
229157
8924675
467109
9237702
9095927
8924676
8996019
9276381
14346937
14346918
11182014
10249570
15392786
14659764
14346926
13640535
14962003
9074125
9598560
11517734
14298029
10775759
9943427
10299929
9041802
15128793
14065877
13409424
13957706
16818836
24533924
30166778
24204545
27029216
24210525
19156184
21416631
27029215
28720228
23139284
24775696
27122103
24590407
21428307
21416013
24591121
24591122
23079577
35489421
58188753
35792345
35500099
58598788
35504373
35782772
35774868
58602434
58602435
58670573
58673597
58784635
60211496
60211544
36274566
37686690
57600601
45114743
48218277
41730170
44648693
48219710
60163600
60166843
48308291
48718795
49299947
49300068
49611987
55787293
60609176
60609866
60610777
60913944
60913945
60916352
42059629
60647217
60981891
61642756
61620602
61628432
61650317
60998345
60998925
60999755
61000468
61033321
61033537
61034506
61034529
61038037
61040771
61050752
61595336
61643798
61648470
61457640
61464586
94282344
61606751
61607350
61431716
61311354
61398657
61403493
61409482
61421116
61451238
61487908
61656864
61672200
77427335
95548514
95554095
95608425
95614951
109118647
97071447
97493033
98494904
108523196
108523687
95618091
95630955
95651595
95666293
95681792
95696074
95700719
95707663
95721858
95732695
95751522
95797000
95797201
96938632
74055224
74069587
74099166
74207786
74207787
74207788
98103556
98359325
98360883
98367911
98426754
98442576
98445370
98445381
98446094
98450089
98457252
98484623
109682814
109870774
65422796
65742383
65748192
65752918
67966118
67966845
65703475
65703476
65713532
62981498
74404531
74408328
74408329
74943130
75146440
75723098
76301042
62062906
62612187
62832400
62861761
62906680
113143507
113143648
113143811
117033692
122329201
122329841
122897377
1554806
3005972
1266414
1553018
10034060
9117842
21239646
110593355
110805232
111560803
113057652
113058571
113075269
122341031
129309841
9993233
1293993
3070342
8258093
17335175
8686407
364155
5421017
5421019
5471612
5471614
5677129
5361372
5362309
5412341
5412342
24784903
77429871
77429880
95592985
95709040
95717933
95726530
95728921
9161610
10183
10350579
9632616
458712
514263
10581754
9259196
11203705
16013555
14446656
514262
9106840
9030928
9666763
8639907
9312452
10632278
11570657
10520538
18134
79393
714660
24223662
24223649
24223665
24184610
29783117
30914903
30914914
61239455
61565478
61565500
36772008
60797571
61091950
32987547
3900396
61114416
61179915
48909214
60822181
61892959
44116072
67160332
73931354
73931363
74014648
74020154
74026158
74070504
76531994
85903631
89224932
91795412
93532327
93598290
94497706
95560221
2347581
2052691
1544082
3047011
2791027
4168765
5306124
5307435
5307437
5320162
9175338
9221653
9294310
9412681
10571798
95669431
95682480
110405310
113368935
15154121
11345471
8256098
93065
30508026
16499207
8436727
25994759
11365721
27271689
8594784
13603674
15200672
374689
1544084
5414817
8996728
198601
5414819
7911271
28467164
28824145
60637675
35768750
36673178
40275552
30799910
32090495
58668790
58673598
60162442
49398488
49611988
21423333
58181275
43940793
44179632
53542542
60641264
45881760
61120376
61140318
46032555
41306827
41822334
42016769
43214173
44961777
60809187
60809425
61165464
61194004
61197425
61201154
61106927
42421664
60706163
60752622
61148853
61819657
61892958
62034474
61836825
61859637
61493424
61001824
61017346
61018897
61341550
61356575
61387748
61440825
61307049
61585890
61651382
61653465
61678709
61693629
95580025
97230530
62113155
67966116
97154173
109117735
109352657
109474415
109744420
109877534
97246829
102907767
97155224
97195609
97229869
68056894
72416538
72419794
72708444
80934870
76330460
63003998
65342197
75738742
114853671
114866851
122327871
122331014
122331584
122334694
122334930
122340187
122344292
122344316
122424108
122896636
72728615
76541999
76601723
716663
745715
9717941
186621
1267059
4893022
5378652
5381906
95658220
95658221
110462495
110463750
110765800
110785157
111356260
111396615
111761846
122899200
122899344
123187998
8382
61585
63914
81213
301930
2061432
263613
255796
171628
68813
644373
263793
171947
3180009
1584169
715471
715472
76523
48032
415700
616466
637333
10263634
631351
9598561
8972224
556065
10192058
556071
556064
9301559
9993862
556075
289533
10242128
284336
9621293
9655358
9530540
9666764
14929905
14774641
13996745
15876326
15379340
16049125
16049210
15019863
8758316
9227001
15035018
9074126
15035017
16451170
19554495
9237703
14302654
15097412
15097414
15182060
10709419
10559434
10580289
10430008
10535019
13355258
13408404
10535545
10537893
19444668
13282544
13503567
13539578
10660057
13334088
10608022
30916172
13107972
10526340
21473434
24185558
21379773
24185551
35481909
35483470
23240798
37162638
35482694
34448206
34447849
30916174
21379772
39188604
30916176
35515064
32822974
35599790
37668160
23499388
24183607
24184029
23955642
24185251
24184065
24185250
24598704
24206646
24185311
24184077
24206644
24184794
24184775
24184688
24184790
24184615
23980923
24183609
23717626
28291528
29303945
28291527
29303946
28537292
26956794
28190555
28190557
28291525
27265983
29777127
29777174
24218930
28291547
28291548
29777134
29777137
24218932
29371202
61352779
61241884
61241885
61241886
61241887
61245696
61245697
61284433
61296059
61298718
61299792
61306372
61382452
61383599
61330802
61286816
61227079
61250528
61255223
61230533
61374307
61091971
61083308
61090791
61006704
61128581
61193660
61213427
61214860
61212924
61009440
61128195
61551347
61568098
60986674
60986975
60986995
61146987
61187970
61543386
61551300
42077093
60736670
43493190
45533649
45604804
43682224
44104029
43364373
53608792
60790860
60795103
60833773
60833776
61136826
60739245
42088346
48528323
49038035
49039035
60753084
58195917
57428622
57456778
52327813
58226911
58229467
57332967
57329390
49892757
57447585
61840746
61922237
61949544
61949545
61969595
95586308
95589246
95661815
57558511
51005790
89033947
92170642
95561632
95571451
95605248
95766914
95787525
96495483
97240345
97240347
98096905
98187731
98189482
98206846
103876684
108515787
109341393
110438492
110438493
110441936
75975699
72729387
73143999
73173626
73196615
73381530
73461469
73461669
73461796
73462777
73643794
73962534
74535993
74701392
74701395
74701398
74701400
74701402
74888474
74932712
62828036
62832637
65508813
71256667
71359827
71364420
71364433
62895701
62830763
65421362
65428432
65456380
65503075
65323247
71049839
2061445
3497271
2078425
2025238
2041163
2041237
67031567
67034270
67162174
67163644
67174757
67497786
110537066
110795891
111266373
111523240
112015107
112015645
113387717
122761115
2041215
3382214
3673922
27273931
3628178
3650012
27757070
3778138
2050005
3434112
5306324
5306325
60704873
61631399
109371175
109417568
109603551
113466546
113567775
113569468
2006318
1013322
2072789
2039341
1265924
2058287
3344128
1053477
2285316
2034174
2285444
1553342
2289287
1013321
4446473
1053475
2036062
1042260
1251861
1460791
4483420
4483421
4473835
4483020
4483422
4523227
4511000
4483419
4478182
4483423
4483424
4518977
4523225
4520890
4481713
4521813
4518984
4519747
4520878
4483418
5362437
5357479
5368735
4936165
4946709
4946703
4934489
4933836
5370714
4933837
4899595
5360378
8233228
5367516
4934420
4936079
4926536
4944444
4575526
4573581
8436730
8187656
8395022
8233229
8256099
8436729
8256101
8416458
8416459
8210350
8187655
8210352
8436732
8436731
8256100
8416457
8210351
8187657
8164994
8164995
15855
10966
7250
6657
6718
14678
13673
7173
15589
13872
14548
10244
37465
8031223
5506335
12835
8278858
8278856
8278857
7969617
17564
55241
18973
55000
55078
20183
17565
33663
31285
17487
31286
31287
32880
31044
18835
17653
31042
31043
55076
29726
69340
57725
63679
70180
70529
27001
63187
70051
67037
61612
59147
67135
69177
63473
25184
63486
61411
63479
63053
56137
79900
83838
73242
83802
65687
120104
85052
66721
84089
71368
78374
82348
85487
76521
79068
84171
84954
83621
66614
80935
86319
86069
86236
109827
123266
86333
86073
87126
125077
124655
96388
121747
121840
93042
122771
121841
96522
99403
127098
92662
190307
192574
105453
156149
157604
108603
110002
161709
161475
209836
167913
201254
128261
128262
128263
128264
477514
477517
199350
199353
483798
483788
483552
483631
483735
483734
483771
485127
485128
483794
477518
477519
477590
477730
483770
483731
485610
484769
484770
483793
556643
456110
459167
556639
483891
462015
556640
457617
457620
556030
556642
556641
457619
556858
556859
484018
483981
483998
483811
556644
507179
514132
514299
503152
501109
502519
508134
508096
508489
554611
554392
552293
557663
557672
554373
514228
508372
503188
557602
558263
490598
497896
508727
497383
497416
497442
508734
497902
497907
497406
497888
490921
494532
497038
497048
497030
497031
491157
491642
491686
238021
216637
247442
217533
216636
216635
223736
213353
244189
222952
488672
238027
291881
229762
241484
488838
490759
490771
242502
262155
388655
292309
337757
390911
390901
308339
390930
388795
388673
219400
388762
218250
331433
8504899
8527313
8594785
8550053
8550054
8527312
8504898
8686410
8662426
8639909
8594787
8617279
8734174
8758317
8710219
8662427
8662429
8686409
8572425
8572426
8594786
8617278
8617280
8639908
8662425
8662428
8734173
9019848
8900853
8710222
8853757
8996021
8996022
9019849
8948454
8710221
8710220
8900852
8900854
8900855
8924677
8948452
8948453
8972225
8996020
8996023
9019847
9194220
9172408
9172407
8782279
9194221
9172406
9194224
9194222
9194223
9183277
9183278
8853758
8806043
8829742
9161611
9172405
8782278
8877323
9183279
9165088
9150867
9150866
9269943
9269942
9161613
9216033
9216034
9237705
9248741
9237704
9150868
9216035
9216036
9161612
9227004
9227005
9227002
9227003
9248742
9259197
9106842
9066715
9074127
9030931
9030933
9074129
9074128
9030932
9052564
9052565
9041803
9052567
9063345
9248743
9030930
9106841
9041804
9041805
9052566
9066832
9095930
9095931
9095928
9117845
9128912
9106844
9084996
9117844
9106846
9084995
9084998
9095932
9106843
9084997
9106845
9128913
9128911
9095929
9117843
9115554
9979605
9993864
9139893
9139890
9979607
10004268
9964047
9139894
9964045
9993863
9990598
9139891
9139892
9964048
9964046
9979606
9993865
10043480
10043481
9132424
9840170
10004270
10004269
10004274
9943432
9943433
9882801
9753924
9782696
9943428
10004271
9804379
9943430
10004273
9943431
9825915
10004272
9943429
9789944
9789945
10179007
10178913
10178938
9919507
9919508
10179112
10184361
10160953
10163504
10156599
10149038
9963056
9963057
9919510
9955922
9919509
10190845
10265143
10157897
10159183
10338857
10260980
10212145
10216262
10241731
10212146
10369597
10369037
10201688
10367699
10300585
10300716
10198952
10201687
10242380
10236435
10276893
10364429
10295152
9280667
10302596
10287699
9301561
9291361
10288041
9322926
10308699
9280666
9301560
9301562
9280669
9280668
9312453
9322927
10288192
10308698
10291099
9291360
9301563
9415618
9438594
9357778
9346165
9427130
9427131
9450108
9357779
9415616
9450109
9346164
9334503
9438592
9438593
9450106
9415619
9346163
9415617
9346166
9450107
9369497
9380920
9380919
9392398
9575758
9403936
9380922
9403938
9519041
9530502
9507503
9484562
9380921
9369494
9369495
9369496
9495997
9403937
9530503
9380923
9674045
9553501
9564385
9655359
9655360
9632617
9632618
9553502
9564384
9621294
9542006
9575759
9564386
9542005
9632619
9643992
9643993
9564387
9587356
9609903
10436225
11422398
11422512
11422465
10774121
9717589
10437321
9695895
9681279
10742394
11437771
9739270
9695896
9695897
10429247
10436224
10539592
9739271
10422356
9732095
13846663
13850344
13938456
13718299
13226427
13226428
11411053
13627904
11631802
13460791
13612548
13379976
13379969
13379986
12955471
13082200
13082847
13084538
13507957
21105998
21105867
21106424
21105932
16743818
17983095
19973669
19980168
19623606
19958094
17475562
16787696
19501054
20565055
21105874
20058057
17229871
17254643
17617959
21229731
15269425
15244406
15227302
15376980
15282980
14935224
15906006
15533335
15103681
15184276
19824704
15113166
15113171
19824684
19958095
14218463
14200676
15553245
14218471
14218562
24589251
24597714
14137025
24210516
24210527
14627349
24210530
24210533
24210509
24210529
24210523
24210526
24210522
24535281
24221588
24221410
24221453
24221495
24604041
24769739
24205649
24205650
24205656
24210539
24205648
24210545
24210546
24210547
24210549
24210557
24210558
24210559
24205642
24205652
24210537
24210538
24210544
24210556
24210548
24210540
24213480
24213481
24213482
24213487
24204581
24213466
24213475
24213476
24213464
24213489
24213484
24213485
24213468
24213491
24213467
24204544
24204583
24213483
24189984
24204585
24204567
24204568
24204569
24204574
24204575
24204549
24204554
24204548
24204577
24204561
24204550
24204558
24204587
24205627
24204578
24204559
24204560
24204557
24189988
24189991
24190001
24190002
24189979
24189987
24189977
24189990
24190005
24190015
24189967
24189975
24189976
24190010
24190004
24190006
24189989
24193055
24193057
24193054
24193064
24193073
24193066
24189995
24189994
24193036
24193065
24193063
24193068
24193071
24189996
24193060
24193074
24193061
24193062
24193058
24193050
24193049
24193048
24193083
24193043
24193080
24193081
24193082
24193051
24193069
24193077
24193084
24193085
24193086
24193042
24193079
24193078
24193045
24193046
24193047
21417760
21418734
21503665
21415763
21490344
24193040
24193039
21415709
21417180
21415156
21427908
21429929
21430993
21427364
21415411
21415466
21417002
21415176
21418090
21432103
21408650
21412326
21412332
21413737
21413729
21410076
21411252
21412315
21404522
21412443
21412507
21412659
21413717
21413804
21407081
21407567
21410275
21375970
21377833
21414238
22837075
22837016
22837015
22837076
22837063
23254644
21407391
21405205
21405875
21407921
23254483
23254759
22898180
22898424
22898561
21406099
21407387
21405239
21408362
23255897
22906233
23350050
21883284
22898604
22898621
22898765
21884064
21883142
21884230
22898861
22899018
22899326
22900022
22900731
22899022
22898767
21883869
21613075
21883070
24184609
24184600
24184632
24184613
24184614
24184625
24184626
24184621
24184606
24184628
24184630
24184631
24184633
24184634
24184611
24184627
24184612
24180614
24184629
24184607
24184596
24184583
24184598
24184604
24184580
24189028
24184602
24184586
24189037
24189043
24184603
24189033
24189027
24189003
24189005
24189025
24189026
24189034
24184584
24184595
26488861
24189030
24189031
24189008
24189015
24189019
24189029
24189016
24189010
28409767
28410969
25939264
24189013
24189017
24777736
25939284
26234521
28411897
28466285
27729702
26588462
28412861
26598766
26600222
26601472
27017500
27471710
26580217
26603606
26592043
26592365
26592799
26595072
26589776
26569122
26572341
26600361
28414086
29315364
